X,Y,EventCode,EventName,Timestamp,ProcessID
512,384,512,Move,34513,0
512,384,512,Move,34546,0
512,384,512,Move,34818,0
512,384,512,Move,34819,0
512,384,512,Move,44730,0
512,384,512,Move,44900,0
512,384,512,Move,45134,0
512,384,512,Move,45134,0
512,384,512,Move,45135,0
512,384,512,Move,45136,0
512,384,512,Move,45136,0
512,384,512,Move,45136,0
512,384,512,Move,45138,0
512,384,512,Move,47206,0
512,384,512,Move,47208,0
512,384,512,Move,47258,0
512,384,512,Move,47468,3
512,384,512,Move,47490,3
512,384,512,Move,47492,3
512,384,512,Move,47626,3
512,384,512,Move,47744,3
512,384,512,Move,47830,3
512,384,512,Move,47832,3
512,384,512,Move,47833,3
512,384,512,Move,47834,3
512,384,512,Move,47835,3
512,384,512,Move,52834,3
512,384,512,Move,53205,3
512,384,512,Move,53206,3
512,384,512,Move,53206,3
512,384,512,Move,53206,3
512,384,512,Move,53207,3
512,384,512,Move,53208,3
512,384,512,Move,53208,3
512,384,512,Move,53208,3
512,384,512,Move,53209,3
512,384,512,Move,53422,3
512,384,512,Move,53422,3
512,384,512,Move,53423,3
512,384,512,Move,53967,3
512,384,512,Move,53967,3
512,384,512,Move,55251,3
512,384,512,Move,55417,3
512,384,512,Move,55471,3
521,380,512,Move,57075,3
523,380,512,Move,57083,3
534,378,512,Move,57091,3
545,383,512,Move,57099,3
547,385,512,Move,57107,3
550,385,512,Move,57459,3
551,385,512,Move,57467,3
553,385,512,Move,57483,3
551,386,512,Move,57555,3
550,386,512,Move,57563,3
548,386,512,Move,57571,3
547,386,512,Move,57579,3
544,386,512,Move,57675,3
542,386,512,Move,57683,3
541,386,512,Move,57691,3
539,386,512,Move,57699,3
538,386,512,Move,57739,3
537,386,512,Move,57747,3
536,386,512,Move,57755,3
535,386,512,Move,57763,3
536,386,512,Move,57787,3
537,386,512,Move,57795,3
538,386,512,Move,57803,3
539,386,512,Move,57811,3
541,386,512,Move,57819,3
546,386,512,Move,57827,3
550,386,512,Move,57835,3
554,386,512,Move,57843,3
557,387,512,Move,57851,3
563,387,512,Move,57859,3
574,390,512,Move,57867,3
580,392,512,Move,57875,3
594,396,512,Move,57883,3
605,399,512,Move,57891,3
608,399,512,Move,57907,3
625,404,512,Move,57915,3
636,408,512,Move,57923,3
645,412,512,Move,57931,3
652,415,512,Move,57939,3
656,418,512,Move,57947,3
667,425,512,Move,57955,3
677,433,512,Move,57963,3
687,441,512,Move,57971,0
691,445,512,Move,57979,0
693,450,512,Move,57987,0
694,452,512,Move,57995,0
694,455,512,Move,58003,0
695,456,512,Move,58011,0
695,458,512,Move,58019,0
695,461,512,Move,58027,0
695,464,512,Move,58035,0
695,466,512,Move,58051,0
695,469,512,Move,58059,0
693,469,512,Move,58067,0
692,469,512,Move,58155,0
691,469,512,Move,58163,0
689,469,512,Move,58171,0
686,469,512,Move,58179,0
682,469,512,Move,58187,0
676,467,512,Move,58195,0
675,467,512,Move,58203,0
673,467,512,Move,58235,0
671,465,512,Move,58243,0
670,464,512,Move,58251,0
667,463,512,Move,58267,0
663,461,512,Move,58275,0
655,460,512,Move,58283,3
654,459,512,Move,58291,3
654,457,512,Move,58299,3
652,457,512,Move,58307,3
650,454,512,Move,58315,3
648,450,512,Move,58323,3
647,450,512,Move,58331,3
646,447,512,Move,58347,3
643,439,512,Move,58355,3
641,432,512,Move,58363,3
635,423,512,Move,58371,3
635,423,512,Move,58374,3
635,423,512,Move,58374,3
635,423,512,Move,58374,3
635,423,512,Move,58375,3
635,423,512,Move,58376,3
635,423,512,Move,58377,3
635,423,512,Move,58377,3
635,423,512,Move,58377,3
635,423,512,Move,58377,3
635,423,512,Move,58377,3
635,423,512,Move,58379,3
635,422,512,Move,58379,3
635,418,512,Move,58387,3
631,412,512,Move,58395,3
630,403,512,Move,58403,3
628,399,512,Move,58411,3
628,394,512,Move,58419,3
626,390,512,Move,58427,3
626,387,512,Move,58435,3
626,385,512,Move,58443,3
624,384,512,Move,58675,3
623,384,512,Move,58683,3
623,382,512,Move,58691,3
623,381,512,Move,58699,3
621,379,512,Move,58715,3
620,376,512,Move,58723,3
620,372,512,Move,58731,3
620,371,512,Move,58739,3
618,365,512,Move,58747,3
618,359,512,Move,58755,3
618,355,512,Move,58763,3
618,349,512,Move,58771,3
618,343,512,Move,58779,3
618,339,512,Move,58787,3
618,338,512,Move,58795,3
618,336,512,Move,58803,3
618,335,512,Move,58811,3
612,344,512,Move,58948,3
611,346,512,Move,58955,3
611,347,512,Move,58963,3
611,348,512,Move,58971,3
611,349,512,Move,59011,3
609,349,512,Move,59035,3
609,349,513,Pressed,60458,3
609,349,512,Move,60490,3
609,349,512,Move,60490,3
609,349,514,Released,60490,3
609,349,514,Released,60491,3
609,349,514,Released,60491,3
609,349,160,Move,61902,3
609,349,512,Move,62376,3
608,349,512,Move,62419,3
606,350,512,Move,62427,3
601,351,512,Move,62435,3
597,351,512,Move,62443,3
589,351,512,Move,62451,3
583,351,512,Move,62459,3
573,352,512,Move,62467,3
565,352,512,Move,62475,3
560,352,512,Move,62483,3
558,353,512,Move,62491,3
555,353,512,Move,62507,3
554,353,512,Move,62523,3
551,353,512,Move,62531,3
550,353,512,Move,62555,3
548,353,512,Move,62563,3
545,353,512,Move,62587,3
544,353,512,Move,62603,3
544,353,512,Move,62657,3
544,353,512,Move,62658,3
544,353,512,Move,62695,3
544,353,512,Move,62695,3
544,353,512,Move,62696,3
543,353,512,Move,62707,3
541,353,512,Move,62715,3
538,353,512,Move,62723,3
537,353,512,Move,62731,3
532,353,512,Move,62739,3
526,353,512,Move,62747,3
521,353,512,Move,62755,3
515,353,512,Move,62763,3
505,353,512,Move,62771,3
494,353,512,Move,62779,3
481,353,512,Move,62787,3
478,353,512,Move,62795,3
470,353,512,Move,62803,3
457,353,512,Move,62811,3
454,353,512,Move,62819,3
444,353,512,Move,62827,3
431,351,512,Move,62835,3
422,351,512,Move,62843,3
414,351,512,Move,62851,3
408,351,512,Move,62859,3
407,349,512,Move,62867,3
406,349,512,Move,62875,3
405,349,512,Move,62979,3
405,347,512,Move,62987,3
405,346,512,Move,62995,3
406,346,512,Move,63003,3
407,344,512,Move,63011,3
408,344,512,Move,63019,3
409,344,512,Move,63027,3
410,344,512,Move,63035,3
410,342,512,Move,63043,3
412,342,512,Move,63051,3
412,340,512,Move,63059,3
413,340,512,Move,63067,3
414,340,512,Move,63099,3
415,340,512,Move,63299,3
417,340,512,Move,63307,3
418,340,512,Move,63315,3
420,340,512,Move,63323,3
421,340,512,Move,63339,3
421,338,512,Move,63355,3
422,338,512,Move,63379,3
422,338,513,Pressed,63419,3
422,338,514,Released,63555,3
422,338,512,Move,63719,3
418,339,512,Move,64596,3
417,339,512,Move,64619,3
406,339,512,Move,65787,3
406,339,513,Pressed,66165,3
406,339,514,Released,66165,3
406,339,515,doubleclick,66166,3
406,339,512,Move,66166,3
406,339,514,Released,66166,3
406,339,512,Move,66166,3
406,339,512,Move,66188,3
406,339,512,Move,66355,3
407,339,512,Move,66419,3
409,339,512,Move,66427,3
413,340,512,Move,66435,3
416,341,512,Move,66443,3
426,341,512,Move,66451,3
432,342,512,Move,66459,3
442,346,512,Move,66467,3
446,347,512,Move,66475,3
456,349,512,Move,66483,3
476,352,512,Move,66501,3
481,354,512,Move,66507,3
485,356,512,Move,66515,3
489,356,512,Move,66523,3
491,358,512,Move,66531,3
491,359,512,Move,66619,3
491,361,512,Move,66627,3
491,363,512,Move,66635,3
491,364,512,Move,66651,3
489,365,512,Move,66659,3
489,366,512,Move,66667,3
487,367,512,Move,66683,3
487,369,512,Move,66691,3
487,367,512,Move,66923,3
487,365,512,Move,66931,3
487,361,512,Move,66939,3
487,358,512,Move,66947,3
487,356,512,Move,66955,3
487,353,512,Move,66963,3
487,352,512,Move,66971,3
487,351,512,Move,66979,3
487,350,512,Move,66987,3
488,348,512,Move,66995,3
426,324,512,Move,67855,3
426,324,512,Move,67857,3
426,324,512,Move,67860,3
424,324,512,Move,67939,3
423,324,512,Move,67955,3
422,324,512,Move,68163,3
421,324,512,Move,68171,3
420,324,512,Move,68179,3
419,324,512,Move,68187,3
418,324,512,Move,68195,3
415,324,512,Move,68203,3
414,324,512,Move,68211,3
413,324,512,Move,68235,3
412,324,512,Move,68595,3
411,324,512,Move,68611,3
409,324,512,Move,68619,3
408,324,512,Move,68627,3
407,324,512,Move,68643,3
406,324,512,Move,68851,3
405,324,512,Move,68867,3
404,324,512,Move,68915,3
404,324,513,Pressed,69027,3
404,322,512,Move,69075,3
405,322,512,Move,69091,3
405,322,514,Released,69123,3
405,323,512,Move,69371,3
407,324,512,Move,69379,3
407,326,512,Move,69387,3
408,329,512,Move,69395,3
409,330,512,Move,69403,3
409,333,512,Move,69411,3
410,335,512,Move,69419,3
410,337,512,Move,69427,3
411,338,512,Move,69435,3
411,338,512,Move,69593,3
411,338,512,Move,69594,3
411,338,512,Move,69595,3
411,338,512,Move,69599,3
411,338,512,Move,69602,3
411,339,512,Move,69603,3
412,340,512,Move,69611,3
412,340,512,Move,69615,3
412,340,512,Move,69618,3
412,340,512,Move,69619,3
412,340,512,Move,69621,3
412,340,512,Move,69621,3
412,341,512,Move,69629,3
412,342,512,Move,69635,3
412,343,512,Move,69899,3
412,345,512,Move,69923,3
412,346,512,Move,69939,3
412,347,512,Move,69955,3
412,348,512,Move,69963,3
412,349,512,Move,69971,3
412,350,512,Move,69979,3
412,351,512,Move,69995,3
412,354,512,Move,70003,3
412,355,512,Move,70011,3
412,356,512,Move,70019,3
412,357,512,Move,70027,3
412,357,512,Move,70232,3
412,358,512,Move,70315,3
412,358,513,Pressed,70467,3
412,358,514,Released,70579,3
414,358,512,Move,71211,3
415,358,512,Move,71227,3
418,360,512,Move,71235,3
420,361,512,Move,71243,3
423,364,512,Move,71251,3
428,366,512,Move,71259,3
429,366,512,Move,71267,3
433,370,512,Move,71275,3
445,375,512,Move,71283,3
451,381,512,Move,71291,3
458,386,512,Move,71299,3
460,387,512,Move,71315,3
462,387,512,Move,71347,3
463,388,512,Move,71355,3
464,389,512,Move,71363,3
465,389,512,Move,71371,3
467,389,512,Move,71379,3
467,391,512,Move,71547,3
465,394,512,Move,71555,3
464,398,512,Move,71563,3
464,401,512,Move,71571,3
464,403,512,Move,71579,3
462,408,512,Move,71587,3
462,414,512,Move,71595,3
462,420,512,Move,71603,3
462,421,512,Move,71619,3
462,422,512,Move,71627,3
462,424,512,Move,71635,3
462,425,512,Move,71643,3
462,426,512,Move,71667,3
462,426,512,Move,71908,3
462,426,513,Pressed,71947,3
462,426,514,Released,72019,3
462,426,512,Move,72023,3
464,429,512,Move,72211,3
465,430,512,Move,72219,3
468,433,512,Move,72227,3
472,436,512,Move,72235,3
474,438,512,Move,72243,3
479,445,512,Move,72251,3
480,448,512,Move,72259,3
483,452,512,Move,72267,3
483,455,512,Move,72275,3
484,456,160,Move,72299,3
488,460,512,Move,72307,3
489,464,512,Move,72315,3
492,466,512,Move,72339,3
492,467,512,Move,72347,3
493,468,512,Move,72355,3
493,470,512,Move,72363,3
493,472,512,Move,72371,3
494,473,512,Move,72379,3
495,475,512,Move,72387,3
495,476,512,Move,72395,3
495,479,512,Move,72403,3
496,480,512,Move,72411,3
497,481,512,Move,72419,3
497,483,512,Move,72427,3
498,485,512,Move,72435,3
498,486,512,Move,72443,3
499,486,512,Move,72451,3
500,487,512,Move,72459,3
502,487,512,Move,72587,3
505,487,512,Move,72595,3
509,487,512,Move,72603,3
513,488,512,Move,72611,3
518,489,512,Move,72619,3
519,491,512,Move,72627,3
521,492,512,Move,72635,3
524,493,512,Move,72643,3
525,494,512,Move,72659,3
525,495,512,Move,72667,3
526,495,512,Move,72675,3
527,496,512,Move,72715,3
528,496,512,Move,72747,3
528,496,512,Move,73093,3
528,494,512,Move,74787,3
526,493,512,Move,74811,3
525,493,512,Move,74819,3
524,493,512,Move,74843,3
523,491,512,Move,74851,3
519,489,512,Move,74859,3
516,486,512,Move,74867,3
510,481,512,Move,74875,3
505,478,160,Move,74883,3
502,475,512,Move,74891,3
496,470,512,Move,74899,3
493,466,512,Move,74907,3
490,464,512,Move,74915,3
485,460,512,Move,74923,3
478,455,512,Move,74931,3
474,452,512,Move,74939,3
473,449,512,Move,74947,3
471,446,512,Move,74955,3
468,442,512,Move,74963,3
467,439,512,Move,74971,3
465,436,512,Move,74979,3
465,432,512,Move,74987,3
463,429,512,Move,74995,3
463,428,512,Move,75003,3
463,424,512,Move,75011,3
460,420,512,Move,75019,3
460,415,512,Move,75027,3
460,413,512,Move,75035,3
460,412,512,Move,75051,3
461,411,512,Move,75059,3
462,409,512,Move,75067,3
462,408,512,Move,75083,3
463,407,512,Move,75107,3
464,407,512,Move,75171,3
465,407,512,Move,75219,3
465,408,512,Move,75235,3
466,410,512,Move,75251,3
466,411,512,Move,75259,3
467,412,512,Move,75267,3
468,414,512,Move,75291,3
468,415,512,Move,75307,3
468,416,512,Move,75323,3
469,416,512,Move,75331,3
469,417,512,Move,75339,3
469,418,512,Move,75363,3
470,418,512,Move,75371,3
470,419,512,Move,75379,3
471,420,512,Move,75411,3
471,421,512,Move,75419,3
472,421,512,Move,75427,3
472,422,512,Move,75435,3
473,423,512,Move,75443,3
473,424,512,Move,75451,3
473,425,512,Move,75459,3
473,426,512,Move,75475,3
476,429,512,Move,76259,3
481,432,512,Move,76267,3
484,436,512,Move,76275,3
488,439,512,Move,76299,3
491,444,512,Move,76307,3
494,448,512,Move,76315,3
499,455,512,Move,76323,3
504,459,512,Move,76331,3
509,464,512,Move,76339,3
512,469,512,Move,76347,3
515,475,512,Move,76355,3
518,479,512,Move,76363,3
521,484,512,Move,76371,3
521,487,512,Move,76379,3
522,488,512,Move,76387,3
522,489,512,Move,76395,3
522,490,512,Move,76403,3
522,491,512,Move,76419,3
523,494,512,Move,76427,3
523,495,512,Move,76435,3
523,496,512,Move,76443,3
523,497,512,Move,76451,3
523,498,512,Move,76467,3
523,498,512,Move,76926,3
523,498,512,Move,76926,3
523,498,513,Pressed,77003,3
523,498,514,Released,77083,3
523,498,512,Move,77090,3
524,495,512,Move,77523,3
527,492,512,Move,77531,3
528,491,512,Move,77539,3
530,490,512,Move,77547,3
532,487,512,Move,77555,3
536,484,512,Move,77563,3
537,481,512,Move,77571,3
537,480,512,Move,77587,3
537,479,512,Move,77595,3
537,478,512,Move,77603,3
537,477,512,Move,77611,3
537,474,512,Move,77619,3
537,472,512,Move,77627,3
537,471,512,Move,77635,3
537,469,512,Move,77651,3
535,468,512,Move,77659,3
535,466,512,Move,77667,3
532,461,512,Move,77675,3
532,459,512,Move,77683,3
532,458,512,Move,77691,3
532,455,512,Move,77699,3
530,454,512,Move,77707,3
530,453,512,Move,77715,3
530,452,512,Move,77723,3
528,449,512,Move,77731,3
528,447,512,Move,77755,3
526,438,512,Move,77788,3
526,438,512,Move,77788,3
526,437,512,Move,77795,3
526,437,512,Move,77868,3
526,437,512,Move,77868,3
526,437,512,Move,77869,3
526,437,512,Move,77869,3
526,437,512,Move,77871,3
526,437,512,Move,77871,3
526,437,512,Move,77872,3
526,437,512,Move,77872,3
526,437,512,Move,77915,3
526,437,512,Move,77915,3
526,437,512,Move,77916,3
526,437,512,Move,77916,3
526,437,512,Move,77918,3
526,437,512,Move,77918,3
526,437,512,Move,77918,3
526,437,512,Move,77918,3
526,437,512,Move,77920,3
526,437,513,Pressed,78051,3
526,437,514,Released,78155,3
526,437,512,Move,78161,3
523,437,512,Move,78947,3
515,437,512,Move,78955,3
507,437,512,Move,78963,3
501,437,512,Move,78971,3
495,435,512,Move,78979,3
489,435,512,Move,78995,3
486,435,512,Move,79003,3
485,435,512,Move,79011,3
484,435,512,Move,79187,3
483,435,512,Move,79203,3
482,436,512,Move,79227,3
481,436,512,Move,79251,3
481,436,512,Move,79263,3
481,436,512,Move,79263,3
481,436,512,Move,79263,3
482,437,512,Move,79371,3
486,438,512,Move,79379,3
492,441,512,Move,79387,3
496,441,512,Move,79395,3
500,441,512,Move,79403,3
505,442,512,Move,79411,3
508,443,512,Move,79419,3
514,443,512,Move,79427,3
520,444,512,Move,79435,3
524,444,512,Move,79443,3
530,444,512,Move,79451,3
534,444,512,Move,79459,3
537,444,512,Move,79467,3
538,444,512,Move,79475,3
539,444,512,Move,79483,3
540,444,512,Move,79491,3
541,444,512,Move,79499,3
541,444,513,Pressed,79683,3
541,444,514,Released,79755,3
541,444,512,Move,79759,0
541,444,512,Move,81016,3
539,444,512,Move,81403,3
539,446,512,Move,81419,3
539,447,512,Move,81435,3
539,452,512,Move,81443,3
539,453,512,Move,81451,3
536,456,512,Move,81467,3
534,460,512,Move,81475,3
534,463,512,Move,81483,3
532,467,512,Move,81491,3
529,472,512,Move,81499,3
529,474,512,Move,81507,3
529,476,512,Move,81515,3
526,478,512,Move,81547,3
526,479,512,Move,81555,3
524,479,512,Move,81563,3
524,480,512,Move,81571,3
524,482,512,Move,81587,3
524,483,512,Move,81595,3
522,484,512,Move,81603,3
521,485,512,Move,81611,3
521,487,512,Move,81619,3
519,488,512,Move,81635,3
518,488,512,Move,81643,3
517,488,512,Move,81651,3
516,488,512,Move,81659,3
514,488,512,Move,81667,3
511,488,512,Move,81675,3
510,488,512,Move,81683,3
506,488,512,Move,81691,3
500,488,512,Move,81699,3
492,488,512,Move,81707,3
491,488,512,Move,81715,3
490,488,512,Move,81731,3
489,488,512,Move,81739,3
479,484,512,Move,81747,3
473,484,512,Move,81755,3
471,482,512,Move,81763,3
471,482,512,Move,81769,3
460,479,512,Move,81771,3
460,477,512,Move,81779,3
456,475,512,Move,81787,3
454,475,512,Move,81803,3
453,471,512,Move,81811,3
449,466,512,Move,81819,3
449,465,512,Move,81827,3
447,461,512,Move,81835,3
446,455,512,Move,81843,3
444,452,512,Move,81851,3
443,448,512,Move,81859,3
443,443,512,Move,81867,3
443,439,512,Move,81875,3
443,435,512,Move,81883,3
443,432,512,Move,81891,3
443,426,512,Move,81899,3
443,420,512,Move,81907,3
443,416,512,Move,81915,3
443,414,512,Move,81923,3
443,412,512,Move,81939,3
444,412,512,Move,81955,3
445,412,512,Move,81963,3
446,412,512,Move,81971,3
447,412,512,Move,81979,3
448,414,512,Move,81987,3
451,415,512,Move,81995,3
452,418,512,Move,82011,3
454,418,512,Move,82027,3
460,425,512,Move,82035,3
464,428,512,Move,82043,3
465,429,512,Move,82059,3
466,430,512,Move,82067,3
478,439,512,Move,82075,3
487,446,512,Move,82083,3
497,456,512,Move,82091,3
504,463,512,Move,82099,3
509,468,512,Move,82107,3
510,469,512,Move,82115,3
511,472,512,Move,82123,3
513,472,512,Move,82131,3
513,473,512,Move,82139,3
514,474,512,Move,82195,3
516,475,512,Move,82203,3
518,478,512,Move,82211,3
522,484,512,Move,82219,3
525,487,512,Move,82227,3
525,488,512,Move,82235,3
526,488,512,Move,82243,3
526,489,512,Move,82251,3
528,490,512,Move,82259,3
529,491,512,Move,82267,3
530,491,512,Move,82275,3
531,491,512,Move,82291,3
535,492,512,Move,82307,3
540,493,512,Move,82315,3
544,495,512,Move,82323,3
547,496,512,Move,82331,3
551,499,512,Move,82339,3
556,499,512,Move,82347,3
556,500,512,Move,82363,3
557,500,512,Move,82371,3
558,501,512,Move,82379,3
558,502,512,Move,82387,3
559,502,512,Move,82395,3
560,502,512,Move,82435,3
560,504,512,Move,82443,3
562,507,512,Move,82451,3
562,509,512,Move,82459,3
566,512,512,Move,82467,3
567,513,512,Move,82475,3
568,516,512,Move,82483,3
571,517,512,Move,82491,3
574,520,512,Move,82499,3
575,520,512,Move,82523,3
576,520,512,Move,82547,3
577,521,512,Move,82563,3
579,522,512,Move,82571,3
580,523,512,Move,82579,3
582,524,512,Move,82587,3
582,524,512,Move,82591,3
583,525,512,Move,82595,3
584,526,512,Move,82603,3
586,526,512,Move,82611,3
587,526,512,Move,82651,3
587,526,513,Pressed,82723,3
587,526,512,Move,82809,3
587,526,514,Released,82827,3
587,526,512,Move,82827,0
587,526,512,Move,82888,0
587,526,512,Move,82940,0
587,526,512,Move,82940,0
587,526,512,Move,82940,0
587,526,512,Move,82941,0
587,526,512,Move,82941,0
587,526,512,Move,82941,0
587,526,512,Move,82941,0
587,526,512,Move,82941,0
587,526,512,Move,82942,0
587,526,512,Move,82942,0
587,526,512,Move,82942,0
587,526,512,Move,82942,0
587,526,512,Move,82943,0
587,526,512,Move,83036,0
587,526,512,Move,83037,0
587,526,512,Move,83037,0
587,526,512,Move,83037,0
585,523,512,Move,83275,0
584,520,512,Move,83283,0
582,516,512,Move,83291,0
580,513,512,Move,83299,0
573,506,512,Move,83307,0
563,501,512,Move,83315,0
561,498,512,Move,83323,0
561,498,512,Move,83405,0
563,498,512,Move,83563,0
566,498,512,Move,83571,0
574,496,512,Move,83579,0
588,494,512,Move,83587,0
598,494,512,Move,83595,0
615,494,512,Move,83603,0
625,494,512,Move,83611,0
652,496,512,Move,83619,0
671,493,512,Move,83627,0
695,493,512,Move,83635,0
1003,456,512,Move,84828,0
1003,456,512,Move,84829,0
1000,457,512,Move,84955,0
997,457,512,Move,84963,0
995,457,512,Move,84971,0
994,457,512,Move,84979,0
988,457,512,Move,84987,0
984,457,512,Move,84995,0
972,457,512,Move,85003,0
964,457,512,Move,85011,0
959,457,512,Move,85019,0
959,457,512,Move,85022,0
959,457,512,Move,85022,0
951,455,512,Move,85027,0
951,455,512,Move,85032,0
930,455,512,Move,85035,0
892,449,512,Move,85043,0
836,446,512,Move,85051,0
776,443,512,Move,85059,0
773,443,512,Move,85067,0
767,441,512,Move,85075,0
713,432,512,Move,85083,0
677,427,512,Move,85091,0
608,414,512,Move,85099,0
567,408,512,Move,85107,0
534,398,512,Move,85115,0
517,394,512,Move,85123,0
503,390,512,Move,85131,0
496,386,512,Move,85139,0
487,383,512,Move,85147,0
473,379,512,Move,85155,0
454,377,512,Move,85163,0
438,375,512,Move,85171,0
434,375,512,Move,85179,0
430,375,512,Move,85187,0
424,375,512,Move,85195,0
413,375,512,Move,85203,0
403,375,512,Move,85211,0
392,375,512,Move,85219,0
392,375,512,Move,85219,0
378,375,512,Move,85227,0
372,375,512,Move,85235,0
370,375,512,Move,85243,0
359,376,512,Move,85251,0
349,376,512,Move,85259,0
338,376,512,Move,85267,0
322,376,512,Move,85275,0
313,377,512,Move,85283,0
294,377,512,Move,85291,0
293,377,512,Move,85299,0
283,377,512,Move,85307,0
276,378,512,Move,85323,0
275,378,512,Move,85331,0
273,378,512,Move,85339,0
269,378,512,Move,85347,0
254,381,512,Move,85355,0
238,381,512,Move,85363,0
232,381,512,Move,85379,0
224,382,512,Move,85387,0
222,382,512,Move,85403,0
222,383,512,Move,85411,0
220,383,512,Move,85419,0
213,387,512,Move,85427,0
199,393,512,Move,85435,0
196,393,512,Move,85443,0
190,394,512,Move,85451,0
181,396,512,Move,85459,0
175,396,512,Move,85467,0
175,396,512,Move,85650,0
174,397,512,Move,85771,0
166,404,512,Move,85779,0
166,404,512,Move,85785,0
154,417,512,Move,85787,0
154,417,512,Move,85788,0
153,418,512,Move,85795,0
151,420,512,Move,85811,0
151,422,512,Move,85819,0
149,427,512,Move,85827,0
146,436,512,Move,85835,0
140,448,512,Move,85843,0
140,452,512,Move,85851,0
140,456,512,Move,85859,0
140,462,512,Move,85867,0
140,470,512,Move,85875,0
140,475,512,Move,85883,0
140,481,512,Move,85899,0
140,491,512,Move,85907,0
140,493,512,Move,85923,0
140,498,512,Move,85931,0
140,506,512,Move,85939,0
140,511,512,Move,85947,0
140,516,512,Move,85955,0
140,517,512,Move,85971,0
137,521,512,Move,85979,0
137,523,512,Move,85987,0
134,528,512,Move,85995,0
134,529,512,Move,86003,0
134,530,512,Move,86011,0
134,533,512,Move,86019,0
132,537,512,Move,86027,0
131,541,512,Move,86035,0
128,544,512,Move,86043,0
126,550,512,Move,86051,0
126,553,512,Move,86059,0
126,554,512,Move,86067,0
126,555,512,Move,86083,0
126,556,512,Move,86115,0
126,556,512,Move,86133,0
126,556,512,Move,86133,0
126,556,512,Move,86136,0
126,556,512,Move,86136,0
126,556,512,Move,86138,0
126,556,512,Move,86139,0
126,556,512,Move,86139,0
126,556,512,Move,86140,0
126,556,512,Move,86140,0
126,559,512,Move,86171,0
126,560,512,Move,86179,0
126,561,512,Move,86203,0
126,562,512,Move,86219,0
126,563,512,Move,86315,0
124,564,512,Move,86323,0
123,564,512,Move,86339,0
123,565,512,Move,86363,0
123,566,512,Move,86387,0
123,566,512,Move,86406,0
123,566,512,Move,86408,0
123,567,512,Move,86419,0
121,568,512,Move,86427,0
121,569,512,Move,86435,0
121,572,512,Move,86443,0
119,573,512,Move,86451,0
119,574,512,Move,86459,0
119,575,512,Move,86467,0
119,575,512,Move,86471,0
119,575,512,Move,86471,0
117,575,512,Move,86475,0
116,576,512,Move,86491,0
116,577,512,Move,86507,0
116,578,512,Move,86515,0
116,578,512,Move,86515,0
116,578,512,Move,86516,0
116,579,512,Move,86523,0
114,579,512,Move,86531,0
114,579,512,Move,86596,0
114,579,512,Move,86596,0
114,579,512,Move,86612,0
114,579,512,Move,86613,0
114,579,512,Move,86613,0
114,579,512,Move,86613,0
114,579,513,Pressed,86803,0
114,579,512,Move,86803,0
114,579,514,Released,86883,0
114,579,512,Move,86885,0
114,579,515,doubleclick,86995,0
114,579,512,Move,87000,0
114,579,514,Released,87083,0
113,576,512,Move,87523,0
113,573,512,Move,87531,0
113,569,512,Move,87539,0
116,563,512,Move,87547,0
116,562,512,Move,87555,0
113,560,512,Move,87755,0
110,556,512,Move,87763,0
110,555,512,Move,87883,0
112,554,512,Move,87891,0
115,551,512,Move,87899,0
122,544,512,Move,87907,0
129,537,512,Move,87915,0
134,530,512,Move,87923,0
154,517,512,Move,87931,0
159,510,512,Move,87939,0
182,491,512,Move,87947,0
226,460,512,Move,87955,0
258,441,512,Move,87963,0
270,433,512,Move,87971,0
285,420,512,Move,87979,0
289,419,512,Move,87987,0
296,412,512,Move,87995,0
318,399,512,Move,88003,0
333,390,512,Move,88011,0
336,389,512,Move,88019,0
344,384,512,Move,88027,0
361,375,512,Move,88035,0
381,362,512,Move,88043,0
382,361,512,Move,88051,0
390,355,512,Move,88059,0
393,353,512,Move,88067,0
394,351,512,Move,88075,0
394,350,512,Move,88107,0
394,348,512,Move,88123,0
394,348,512,Move,89390,0
394,348,512,Move,89526,0
394,348,512,Move,89526,0
394,348,512,Move,89527,0
394,348,512,Move,89810,0
394,348,512,Move,89810,0
394,348,512,Move,89810,0
394,348,512,Move,90237,0
394,348,512,Move,90237,0
394,348,512,Move,90238,0
394,348,512,Move,90238,0
394,348,512,Move,90242,0
394,348,512,Move,90242,0
394,348,512,Move,90243,0
394,348,512,Move,90243,0
394,348,512,Move,90245,0
394,348,512,Move,90245,0
394,348,512,Move,90246,0
394,348,512,Move,90281,0
394,348,512,Move,90469,0
394,348,512,Move,90471,0
394,348,512,Move,90472,0
394,348,512,Move,90472,0
394,348,512,Move,90472,0
394,348,512,Move,90584,0
394,348,512,Move,90584,0
394,348,512,Move,90586,0
394,348,512,Move,90586,0
394,348,512,Move,90586,0
394,348,512,Move,90586,0
394,348,512,Move,90587,0
394,348,512,Move,90587,0
394,348,512,Move,90587,0
394,348,512,Move,92288,0
394,348,512,Move,92289,0
394,348,512,Move,92289,0
394,348,512,Move,92289,0
394,348,512,Move,92289,0
394,348,512,Move,92289,0
394,348,512,Move,92291,0
394,348,512,Move,92291,0
394,348,512,Move,92292,0
394,348,512,Move,92292,0
394,348,512,Move,92293,0
394,348,512,Move,92293,0
394,348,512,Move,92293,0
394,348,512,Move,92293,0
394,348,512,Move,92294,0
394,348,512,Move,92294,0
394,348,512,Move,92295,0
394,348,512,Move,92295,0
394,348,512,Move,92295,0
394,348,512,Move,92296,0
394,348,512,Move,92296,0
394,348,512,Move,92296,0
394,348,512,Move,92296,0
394,348,512,Move,92296,0
394,348,512,Move,92297,0
394,348,512,Move,92297,0
394,348,512,Move,92297,0
394,348,512,Move,92297,0
394,348,512,Move,92298,0
394,348,512,Move,92298,0
394,348,512,Move,92324,0
394,348,512,Move,92324,0
394,348,512,Move,92324,0
394,348,512,Move,92325,0
394,348,512,Move,92325,0
394,348,512,Move,92326,0
394,348,512,Move,92326,0
392,348,512,Move,92755,0
392,349,512,Move,93187,0
392,350,512,Move,93211,0
392,348,512,Move,93219,0
390,348,512,Move,93339,0
389,348,512,Move,93347,0
388,346,512,Move,93355,0
386,345,512,Move,93363,0
386,344,512,Move,93371,0
386,343,512,Move,93379,0
384,340,512,Move,93387,0
383,339,512,Move,93395,0
382,337,512,Move,93403,0
381,336,512,Move,93411,0
378,334,512,Move,93419,0
374,333,512,Move,93427,0
371,328,512,Move,93435,0
371,327,512,Move,93443,0
368,325,512,Move,93459,0
365,322,512,Move,93467,0
361,320,512,Move,93475,0
358,317,512,Move,93483,0
355,317,512,Move,93491,0
354,315,512,Move,93499,0
353,314,512,Move,93507,0
352,313,512,Move,93515,0
351,312,512,Move,93523,0
350,311,512,Move,93531,0
350,310,512,Move,93539,0
350,309,512,Move,93563,0
350,309,512,Move,93678,0
350,309,512,Move,94959,0
350,309,512,Move,94960,0
350,309,512,Move,95166,0
350,309,512,Move,95167,0
350,309,512,Move,95167,0
350,309,512,Move,95168,0
350,309,512,Move,95168,0
350,309,512,Move,95168,0
350,309,512,Move,95168,0
350,309,512,Move,95169,0
350,309,512,Move,95169,0
350,309,512,Move,95169,0
350,309,512,Move,95172,0
350,309,512,Move,95173,0
350,309,512,Move,95173,0
350,309,512,Move,95174,0
350,309,512,Move,95189,0
350,309,512,Move,95190,0
350,309,512,Move,95190,0
350,309,512,Move,95190,0
350,309,512,Move,95191,0
350,309,512,Move,95191,0
350,309,512,Move,95193,0
350,309,512,Move,95193,0
350,309,512,Move,95198,0
350,309,512,Move,95199,0
350,309,512,Move,95199,0
350,309,512,Move,95199,0
350,309,512,Move,95200,0
350,309,512,Move,95200,0
350,309,512,Move,95200,0
350,309,512,Move,95204,0
350,309,512,Move,95204,0
350,309,512,Move,95205,0
350,309,512,Move,95205,0
350,309,512,Move,95206,0
350,309,512,Move,95206,0
350,309,512,Move,95207,0
350,309,512,Move,95207,0
350,309,512,Move,95208,0
350,309,512,Move,95208,0
350,309,512,Move,95209,0
350,309,512,Move,95209,0
350,309,512,Move,95209,0
350,309,512,Move,95210,0
350,309,512,Move,95210,0
350,309,512,Move,95210,0
350,309,512,Move,95210,0
350,309,512,Move,95216,0
350,309,512,Move,95216,0
350,309,512,Move,95216,0
350,309,512,Move,95216,0
350,309,512,Move,95217,0
350,309,512,Move,95217,0
350,309,512,Move,95218,0
350,309,512,Move,95218,0
350,309,512,Move,95218,0
350,309,512,Move,95219,0
350,309,512,Move,95219,0
350,309,512,Move,95219,0
350,309,512,Move,95219,0
350,309,512,Move,95225,0
350,309,512,Move,95225,0
350,309,512,Move,95225,0
350,309,512,Move,95226,0
350,309,512,Move,95226,0
350,309,512,Move,95227,0
350,309,512,Move,95227,0
350,309,512,Move,95227,0
350,309,512,Move,95227,0
350,309,512,Move,95228,0
350,309,512,Move,95228,0
350,309,512,Move,95228,0
350,309,512,Move,95229,0
350,309,512,Move,98133,0
350,309,512,Move,98133,0
350,309,512,Move,98134,0
350,309,512,Move,98174,0
350,309,512,Move,98243,0
350,309,512,Move,98243,0
350,309,512,Move,98243,0
350,309,512,Move,98244,0
350,309,512,Move,98256,0
350,309,512,Move,98256,0
350,309,512,Move,98271,0
350,309,512,Move,98272,0
350,309,512,Move,98272,0
350,309,512,Move,98283,0
350,309,512,Move,98283,0
350,309,512,Move,98294,0
350,309,512,Move,98295,0
350,309,512,Move,98295,0
350,309,512,Move,98330,0
350,309,512,Move,98330,0
350,309,512,Move,98331,0
350,309,512,Move,98332,0
350,309,512,Move,98333,0
350,309,512,Move,98333,0
350,309,512,Move,98334,0
350,309,512,Move,98436,0
350,309,512,Move,98436,0
350,309,512,Move,98437,0
350,309,512,Move,98438,0
350,309,512,Move,98438,0
350,309,512,Move,98438,0
350,309,512,Move,98439,0
350,309,512,Move,98443,0
350,309,512,Move,99057,0
350,309,512,Move,99057,0
350,309,512,Move,99058,0
350,309,512,Move,99058,0
350,309,512,Move,99058,0
350,309,512,Move,99058,0
350,309,512,Move,99061,0
350,309,512,Move,99062,0
350,309,512,Move,99062,0
350,309,512,Move,99249,0
350,309,512,Move,99249,0
350,309,512,Move,99385,0
350,309,512,Move,99385,0
350,309,512,Move,99386,0
350,309,512,Move,99387,0
350,309,512,Move,99387,0
350,309,512,Move,99387,0
350,309,512,Move,99390,0
350,309,512,Move,99391,0
350,309,512,Move,99391,0
350,309,512,Move,99392,0
350,309,512,Move,99392,0
350,309,512,Move,99393,0
350,309,512,Move,99394,0
350,309,512,Move,99394,0
350,309,512,Move,99738,0
350,309,512,Move,100026,0
350,309,512,Move,100836,0
350,309,512,Move,100836,0
350,309,512,Move,100836,0
350,309,512,Move,100837,0
350,309,512,Move,100837,0
350,309,512,Move,101281,0
350,309,512,Move,101351,0
350,309,512,Move,101351,0
350,309,512,Move,101352,0
350,309,512,Move,101755,0
350,309,512,Move,101756,0
350,309,512,Move,101756,0
350,309,512,Move,101926,0
350,309,512,Move,102246,0
350,309,512,Move,102246,0
350,309,512,Move,102378,0
350,309,512,Move,102378,0
350,309,512,Move,102379,0
350,309,512,Move,102379,0
350,309,512,Move,103716,0
350,309,512,Move,103716,0
350,309,512,Move,103716,0
350,309,512,Move,104123,0
350,309,160,Move,104384,3
350,309,160,Move,104385,3
350,309,160,Move,104385,3
350,309,160,Move,104385,3
471,396,512,Move,107912,3
471,396,512,Move,107913,3
471,396,512,Move,107913,3
471,396,513,Pressed,107913,3
471,396,513,Pressed,107913,3
471,396,514,Released,107914,3
471,396,514,Released,107914,3
547,365,160,Move,107915,3
547,365,160,Move,107915,3
547,365,160,Move,107915,3
547,365,160,Move,107915,3
547,365,160,Move,107916,3
547,365,160,Move,107918,3
547,365,160,Move,107918,3
547,365,160,Move,107918,3
547,365,160,Move,107919,3
547,365,160,Move,107919,3
547,365,160,Move,107919,3
547,365,160,Move,107921,3
547,365,160,Move,107921,3
551,364,160,Move,107924,3
551,364,160,Move,107925,3
551,364,160,Move,107927,3
551,364,160,Move,107928,3
587,337,160,Move,107953,3
587,337,160,Move,107953,3
682,261,512,Move,108170,0
692,256,512,Move,108178,0
709,245,512,Move,108188,3
709,245,512,Move,108189,3
718,239,512,Move,108202,3
718,239,512,Move,108203,3
730,231,512,Move,108210,3
730,231,512,Move,108211,3
738,222,512,Move,108218,3
738,222,512,Move,108219,3
750,214,512,Move,108226,3
750,214,512,Move,108227,3
760,204,512,Move,108234,3
760,204,512,Move,108235,3
772,198,512,Move,108242,3
772,198,512,Move,108243,3
779,193,512,Move,108250,3
779,193,512,Move,108251,3
780,192,512,Move,108266,3
780,192,512,Move,108267,3
784,188,512,Move,108282,3
784,188,512,Move,108283,3
789,181,512,Move,108306,3
789,181,512,Move,108307,3
789,181,512,Move,108307,3
796,176,512,Move,108314,3
796,176,512,Move,108315,3
805,170,512,Move,108322,3
805,170,512,Move,108323,3
822,161,512,Move,108330,3
822,161,512,Move,108331,3
834,156,512,Move,108346,3
834,156,512,Move,108347,3
851,147,512,Move,108354,3
851,147,512,Move,108355,3
868,136,512,Move,108362,3
868,136,512,Move,108363,3
871,136,512,Move,108370,3
871,136,512,Move,108371,3
873,134,512,Move,108394,3
873,134,512,Move,108395,3
878,133,512,Move,108402,3
878,133,512,Move,108403,3
599,331,160,Move,108477,3
874,139,512,Move,108594,3
874,139,512,Move,108595,3
871,145,512,Move,108610,3
871,145,512,Move,108611,3
865,155,512,Move,108618,3
865,155,512,Move,108619,3
857,169,512,Move,108626,3
857,169,512,Move,108627,3
854,172,512,Move,108634,3
854,172,512,Move,108635,3
854,172,512,Move,108801,3
854,172,512,Move,108801,3
854,172,512,Move,108806,3
854,172,512,Move,108806,3
854,172,512,Move,108806,3
854,172,512,Move,108807,3
854,172,512,Move,108808,3
854,172,512,Move,108808,3
854,184,512,Move,108842,3
854,184,512,Move,108843,3
854,198,512,Move,108850,3
854,198,512,Move,108851,3
854,198,512,Move,108851,3
851,231,512,Move,108858,3
851,231,512,Move,108859,3
851,231,512,Move,108859,3
843,268,512,Move,108866,3
843,268,512,Move,108867,3
843,268,512,Move,108867,3
835,310,512,Move,108874,3
835,310,512,Move,108875,3
830,332,512,Move,108882,3
830,332,512,Move,108883,3
829,338,512,Move,108890,3
829,338,512,Move,108891,3
827,349,512,Move,108898,3
827,349,512,Move,108899,3
827,351,512,Move,108914,3
827,351,512,Move,108915,3
827,353,512,Move,108922,3
827,353,512,Move,108923,3
827,354,512,Move,108938,3
827,354,512,Move,108939,3
827,363,512,Move,108946,3
827,363,512,Move,108947,3
825,377,512,Move,108954,3
825,377,512,Move,108955,3
825,377,512,Move,108955,3
825,388,512,Move,108962,3
825,388,512,Move,108963,3
825,396,512,Move,108970,3
825,396,512,Move,108971,3
825,397,512,Move,108978,3
825,397,512,Move,108979,3
825,401,512,Move,108986,3
825,401,512,Move,108987,3
825,401,512,Move,108987,3
823,399,512,Move,109202,3
823,399,512,Move,109203,3
823,399,512,Move,109203,3
822,399,512,Move,109210,3
822,399,512,Move,109211,3
821,395,512,Move,109218,3
821,395,512,Move,109219,3
821,392,512,Move,109226,3
821,392,512,Move,109227,3
821,388,512,Move,109234,3
821,388,512,Move,109235,3
822,383,512,Move,109242,3
822,383,512,Move,109243,3
822,381,512,Move,109258,3
822,381,512,Move,109259,3
827,372,512,Move,109266,3
827,372,512,Move,109267,3
827,372,512,Move,109267,3
834,363,512,Move,109274,3
834,363,512,Move,109275,3
836,360,512,Move,109290,3
836,360,512,Move,109291,3
837,355,512,Move,109298,3
837,355,512,Move,109299,3
840,349,512,Move,109306,3
840,349,512,Move,109307,3
854,329,512,Move,109314,3
854,329,512,Move,109315,3
862,312,512,Move,109322,3
862,312,512,Move,109323,3
887,285,512,Move,109330,3
887,285,512,Move,109331,3
900,270,512,Move,109338,3
900,270,512,Move,109339,3
903,267,512,Move,109346,3
903,267,512,Move,109347,3
907,262,512,Move,109362,3
907,262,512,Move,109363,3
907,262,512,Move,109363,3
915,255,512,Move,109370,3
915,255,512,Move,109371,3
925,245,512,Move,109378,3
925,245,512,Move,109379,3
925,245,512,Move,109379,3
934,235,512,Move,109386,3
934,235,512,Move,109387,3
934,235,512,Move,109387,3
949,223,512,Move,109394,3
949,223,512,Move,109395,3
949,223,512,Move,109395,3
958,208,512,Move,109402,3
958,208,512,Move,109403,3
960,205,512,Move,109410,3
960,205,512,Move,109411,3
962,204,512,Move,109418,3
962,204,512,Move,109419,3
960,204,512,Move,109578,3
960,204,512,Move,109579,3
957,204,512,Move,109586,3
957,204,512,Move,109587,3
951,204,512,Move,109594,3
951,204,512,Move,109595,3
949,204,512,Move,109602,3
949,204,512,Move,109603,3
948,204,512,Move,109610,3
948,204,512,Move,109611,3
948,202,512,Move,109626,3
948,202,512,Move,109627,3
948,199,512,Move,109658,3
948,199,512,Move,109659,3
949,194,512,Move,109666,3
949,194,512,Move,109667,3
949,186,512,Move,109682,3
949,186,512,Move,109683,3
949,186,512,Move,109683,3
951,170,512,Move,109690,3
951,170,512,Move,109691,3
951,170,512,Move,109702,3
951,170,512,Move,109702,3
951,170,512,Move,109703,3
951,170,512,Move,109703,3
951,170,512,Move,109703,3
951,170,512,Move,109704,3
951,170,512,Move,109704,3
951,170,512,Move,109704,3
951,170,512,Move,109704,3
951,170,512,Move,109705,3
951,170,512,Move,109705,3
951,170,512,Move,109705,3
951,170,512,Move,109706,3
951,170,512,Move,109706,3
957,143,512,Move,109707,3
957,143,512,Move,109707,3
957,143,512,Move,109707,3
957,143,512,Move,109707,3
957,143,512,Move,109708,3
957,143,512,Move,109708,3
957,143,512,Move,109709,3
957,143,512,Move,109709,3
957,143,512,Move,109709,3
957,143,512,Move,109710,3
957,143,512,Move,109710,3
957,143,512,Move,109710,3
957,143,512,Move,109710,3
957,143,512,Move,109710,3
957,143,512,Move,109711,3
957,143,512,Move,109711,3
957,143,512,Move,109711,3
957,143,512,Move,109711,3
957,143,512,Move,109712,3
957,143,512,Move,109712,3
957,143,512,Move,109712,3
957,143,512,Move,109712,3
957,143,512,Move,109713,3
957,143,512,Move,109713,3
957,143,512,Move,109713,3
957,143,512,Move,109713,3
959,119,512,Move,109714,3
959,119,512,Move,109715,3
959,119,512,Move,109715,3
959,119,512,Move,109715,3
959,119,512,Move,109716,3
959,119,512,Move,109716,3
959,119,512,Move,109716,3
959,119,512,Move,109716,3
959,119,512,Move,109717,3
959,119,512,Move,109717,3
959,119,512,Move,109717,3
959,119,512,Move,109718,3
959,119,512,Move,109718,3
959,119,512,Move,109718,3
959,119,512,Move,109719,3
959,119,512,Move,109719,3
959,119,512,Move,109719,3
959,119,512,Move,109719,3
959,119,512,Move,109720,3
959,119,512,Move,109720,3
959,119,512,Move,109721,3
959,119,512,Move,109721,3
959,119,512,Move,109722,3
959,119,512,Move,109722,3
961,118,512,Move,109722,3
961,118,512,Move,109723,3
961,118,512,Move,109723,3
961,118,512,Move,109723,3
961,118,512,Move,109723,3
961,118,512,Move,109724,3
961,118,512,Move,109724,3
961,118,512,Move,109724,3
961,118,512,Move,109726,3
961,118,512,Move,109726,3
961,118,512,Move,109726,3
961,118,512,Move,109726,3
961,118,512,Move,109726,3
961,118,512,Move,109727,3
961,118,512,Move,109727,3
961,118,512,Move,109727,3
961,114,512,Move,109730,3
961,114,512,Move,109731,3
961,113,512,Move,109738,3
961,113,512,Move,109739,3
961,113,512,Move,109747,3
961,113,512,Move,109747,3
961,113,512,Move,109747,3
961,113,512,Move,109747,3
961,113,512,Move,109748,3
961,113,512,Move,109748,3
961,113,512,Move,109749,3
961,113,512,Move,109749,3
961,113,512,Move,109749,3
961,113,512,Move,109749,3
961,113,512,Move,109750,3
961,113,512,Move,109750,3
961,113,512,Move,109750,3
961,113,512,Move,109750,3
961,110,512,Move,109754,3
961,110,512,Move,109755,3
961,108,512,Move,109762,3
961,108,512,Move,109763,3
961,107,512,Move,109771,3
961,107,512,Move,109771,3
959,104,512,Move,109779,3
959,104,512,Move,109779,3
959,104,512,Move,109780,3
959,104,512,Move,109780,3
959,104,512,Move,109781,3
959,104,512,Move,109781,3
959,104,512,Move,109782,3
959,104,512,Move,109782,3
959,104,512,Move,109784,3
959,104,512,Move,109784,3
959,104,512,Move,109785,3
959,104,512,Move,109785,3
959,103,512,Move,109786,3
959,103,512,Move,109787,3
956,103,512,Move,109866,3
956,103,512,Move,109867,3
952,104,512,Move,109874,3
952,104,512,Move,109875,3
946,105,512,Move,109882,3
946,105,512,Move,109883,3
941,105,512,Move,109890,3
941,105,512,Move,109891,3
935,106,512,Move,109898,3
935,106,512,Move,109899,3
932,107,512,Move,109906,3
932,107,512,Move,109907,3
933,102,512,Move,110026,3
933,102,512,Move,110027,3
936,98,512,Move,110034,3
936,98,512,Move,110035,3
937,95,512,Move,110042,3
937,95,512,Move,110043,3
937,92,512,Move,110058,3
937,92,512,Move,110059,3
939,88,512,Move,110074,3
939,88,512,Move,110075,3
941,88,512,Move,110082,3
941,88,512,Move,110083,3
941,85,160,Move,110109,3
941,85,160,Move,110109,3
941,85,160,Move,110109,3
941,84,160,Move,110130,3
941,84,160,Move,110131,3
941,82,512,Move,110218,3
941,82,512,Move,110219,3
941,82,512,Move,110219,3
941,79,512,Move,110242,3
941,79,512,Move,110243,3
941,78,512,Move,110250,3
941,78,512,Move,110251,3
941,77,512,Move,110282,3
941,77,512,Move,110283,3
942,77,512,Move,110634,3
942,77,512,Move,110635,3
943,75,512,Move,110642,3
943,75,512,Move,110643,3
945,74,512,Move,110658,3
945,74,512,Move,110659,3
945,73,512,Move,110666,3
945,73,512,Move,110667,3
946,73,512,Move,110674,3
946,73,512,Move,110675,3
946,73,512,Move,110759,3
946,73,512,Move,110759,3
946,73,513,Pressed,110788,3
946,73,513,Pressed,110788,3
946,73,513,Pressed,110789,3
946,73,512,Move,110816,3
946,73,512,Move,110816,3
946,73,512,Move,110817,3
946,73,514,Released,110890,3
946,73,514,Released,110891,3
946,73,512,Move,110896,0
946,73,512,Move,110896,0
944,73,512,Move,111034,0
943,71,512,Move,111098,0
941,71,512,Move,111226,0
933,71,512,Move,111234,0
922,72,512,Move,111242,0
919,72,512,Move,111250,0
916,72,512,Move,111274,0
910,73,512,Move,111282,0
904,75,512,Move,111290,0
898,75,512,Move,111298,0
894,76,512,Move,111306,0
893,77,512,Move,111314,0
890,77,512,Move,111322,0
888,77,512,Move,111330,0
883,77,512,Move,111338,0
875,78,512,Move,111346,0
848,111,160,Move,111929,3
848,111,160,Move,111930,3
848,111,164,Pressed,111930,3
848,111,164,Pressed,111930,3
848,111,160,Move,111932,3
848,111,160,Move,111932,3
848,111,165,Released,111933,3
848,111,165,Released,111933,3
848,111,512,Move,112075,3
848,111,512,Move,112075,3
848,112,512,Move,112602,3
848,112,512,Move,112603,3
849,119,512,Move,112610,3
849,119,512,Move,112611,3
850,123,512,Move,112618,3
850,123,512,Move,112619,3
852,126,512,Move,112626,3
852,126,512,Move,112627,3
857,143,512,Move,112634,3
857,143,512,Move,112635,3
859,147,512,Move,112642,3
859,147,512,Move,112643,3
864,162,512,Move,112658,3
864,162,512,Move,112659,3
869,179,512,Move,112666,3
869,179,512,Move,112667,3
875,191,512,Move,112674,3
875,191,512,Move,112675,3
876,197,512,Move,112682,3
876,197,512,Move,112683,3
878,205,512,Move,112690,3
878,205,512,Move,112691,3
879,210,512,Move,112698,3
879,210,512,Move,112699,3
879,210,512,Move,112733,3
879,210,512,Move,112734,3
879,207,512,Move,113042,3
879,207,512,Move,113043,3
879,199,512,Move,113050,3
879,199,512,Move,113051,3
879,195,512,Move,113058,3
879,195,512,Move,113059,3
879,185,512,Move,113066,3
879,185,512,Move,113067,3
879,179,512,Move,113074,3
879,179,512,Move,113075,3
879,179,512,Move,113077,3
879,179,512,Move,113077,3
879,166,512,Move,113090,3
879,166,512,Move,113091,3
880,160,512,Move,113098,3
880,160,512,Move,113099,3
880,158,512,Move,113106,3
880,158,512,Move,113107,3
880,156,512,Move,113154,3
880,156,512,Move,113155,3
880,158,512,Move,114214,3
880,158,512,Move,114214,3
880,159,512,Move,114218,3
880,159,512,Move,114219,3
880,160,512,Move,114226,3
880,160,512,Move,114227,3
880,162,512,Move,114234,3
880,162,512,Move,114235,3
878,164,512,Move,114242,3
878,164,512,Move,114243,3
878,165,512,Move,114250,3
878,165,512,Move,114251,3
878,166,512,Move,114258,3
878,166,512,Move,114259,3
878,167,512,Move,114266,3
878,167,512,Move,114267,3
879,167,512,Move,114274,3
879,167,512,Move,114275,3
879,168,512,Move,114282,3
879,168,512,Move,114283,3
879,169,512,Move,114306,3
879,169,512,Move,114307,3
879,171,512,Move,114362,3
879,171,512,Move,114363,3
879,172,512,Move,114370,3
879,172,512,Move,114371,3
879,173,512,Move,114386,3
879,173,512,Move,114387,3
879,177,512,Move,114394,3
879,177,512,Move,114395,3
879,178,512,Move,114410,3
879,178,512,Move,114411,3
880,180,512,Move,114418,3
880,180,512,Move,114419,3
880,181,512,Move,114426,3
880,181,512,Move,114427,3
880,182,512,Move,114434,3
880,182,512,Move,114435,3
880,183,512,Move,114514,3
880,183,512,Move,114515,3
880,185,512,Move,114522,3
880,185,512,Move,114523,3
881,196,512,Move,114530,3
881,196,512,Move,114531,3
881,197,512,Move,114538,3
881,197,512,Move,114539,3
881,202,512,Move,114546,3
881,202,512,Move,114547,3
881,205,512,Move,114554,3
881,205,512,Move,114555,3
881,206,512,Move,114562,3
881,206,512,Move,114563,3
881,208,512,Move,114594,3
881,208,512,Move,114595,3
881,209,512,Move,114658,3
881,209,512,Move,114659,3
881,211,512,Move,114682,3
881,211,512,Move,114683,3
881,211,512,Move,114687,3
881,211,512,Move,114687,3
881,213,512,Move,114762,3
881,213,512,Move,114763,3
881,216,512,Move,114778,3
881,216,512,Move,114779,3
881,217,512,Move,114786,3
881,217,512,Move,114787,3
881,218,512,Move,114794,3
881,218,512,Move,114795,3
882,218,512,Move,114818,3
882,218,512,Move,114819,3
882,219,512,Move,114842,3
882,219,512,Move,114843,3
880,217,512,Move,115218,3
880,217,512,Move,115219,3
879,217,512,Move,115226,3
879,217,512,Move,115227,3
878,217,512,Move,115234,3
878,217,512,Move,115235,3
877,217,512,Move,115242,3
877,217,512,Move,115243,3
876,217,512,Move,115250,3
876,217,512,Move,115251,3
875,217,512,Move,115258,3
875,217,512,Move,115259,3
875,215,512,Move,115290,3
875,215,512,Move,115291,3
875,214,512,Move,115802,3
875,214,512,Move,115803,3
875,213,512,Move,115810,3
875,213,512,Move,115811,3
875,212,512,Move,115818,3
875,212,512,Move,115819,3
875,211,512,Move,115834,3
875,211,512,Move,115835,3
875,210,512,Move,115850,3
875,210,512,Move,115851,3
875,200,512,Move,116188,3
875,200,512,Move,116188,3
875,200,512,Move,116215,3
875,200,512,Move,116215,3
875,198,512,Move,116282,3
875,198,512,Move,116283,3
875,194,512,Move,116290,3
875,194,512,Move,116291,3
875,189,512,Move,116298,3
875,189,512,Move,116299,3
875,187,512,Move,116306,3
875,187,512,Move,116307,3
876,179,512,Move,116314,3
876,179,512,Move,116315,3
876,170,512,Move,116322,3
876,170,512,Move,116323,3
876,164,512,Move,116330,3
876,164,512,Move,116331,3
876,158,512,Move,116338,3
876,158,512,Move,116339,3
877,152,512,Move,116346,3
877,152,512,Move,116347,3
877,151,512,Move,116354,3
877,151,512,Move,116355,3
877,150,512,Move,116362,3
877,150,512,Move,116363,3
877,149,512,Move,116378,3
877,149,512,Move,116379,3
877,149,512,Move,116388,3
877,149,512,Move,116388,3
877,148,512,Move,116450,3
877,148,512,Move,116451,3
877,147,512,Move,116458,3
877,147,512,Move,116459,3
877,145,512,Move,116466,3
877,145,512,Move,116467,3
877,144,512,Move,116474,3
877,144,512,Move,116475,3
877,143,512,Move,116490,3
877,143,512,Move,116491,3
875,142,512,Move,116498,3
875,142,512,Move,116499,3
874,142,512,Move,116522,3
874,142,512,Move,116523,3
873,139,512,Move,116530,3
873,139,512,Move,116531,3
872,138,512,Move,116538,3
872,138,512,Move,116539,3
871,137,512,Move,116546,3
871,137,512,Move,116547,3
870,136,512,Move,116554,3
870,136,512,Move,116555,3
870,134,512,Move,116562,3
870,134,512,Move,116563,3
870,134,512,Move,116635,3
870,134,512,Move,116635,3
870,134,512,Move,116636,3
870,134,512,Move,116637,3
870,134,512,Move,116638,3
870,134,512,Move,116638,3
870,133,512,Move,116722,3
870,133,512,Move,116723,3
868,131,512,Move,116749,3
868,131,512,Move,116749,3
867,129,512,Move,116754,3
867,129,512,Move,116755,3
866,124,512,Move,116762,3
866,124,512,Move,116763,3
866,124,512,Move,116776,3
866,124,512,Move,116776,3
864,121,512,Move,116778,3
864,121,512,Move,116779,3
864,120,512,Move,116786,3
864,120,512,Move,116787,3
862,118,512,Move,116794,3
862,118,512,Move,116795,3
862,117,512,Move,116802,3
862,117,512,Move,116803,3
860,114,512,Move,116810,3
860,114,512,Move,116811,3
860,112,512,Move,116818,3
860,112,512,Move,116819,3
860,110,512,Move,116826,3
860,110,512,Move,116827,3
861,107,512,Move,116847,3
861,107,512,Move,116847,3
862,106,512,Move,116850,3
862,106,512,Move,116851,3
862,105,512,Move,116866,3
862,105,512,Move,116867,3
862,103,512,Move,116882,3
862,103,512,Move,116883,3
862,102,512,Move,116914,3
862,102,512,Move,116915,3
860,102,512,Move,117146,3
860,102,512,Move,117147,3
859,102,512,Move,117162,3
859,102,512,Move,117163,3
858,102,512,Move,117210,3
858,102,512,Move,117211,3
857,102,512,Move,117234,3
857,102,512,Move,117235,3
856,102,512,Move,117242,3
856,102,512,Move,117243,3
853,100,512,Move,117250,3
853,100,512,Move,117251,3
852,100,512,Move,117274,3
852,100,512,Move,117275,3
850,100,512,Move,117282,3
850,100,512,Move,117283,3
847,100,512,Move,117298,3
847,100,512,Move,117299,3
846,100,512,Move,117306,3
846,100,512,Move,117307,3
846,100,513,Pressed,117602,3
846,100,161,Pressed,117604,3
846,100,161,Pressed,117604,3
846,100,512,Move,117605,3
846,100,514,Released,117682,3
846,100,160,Move,117683,3
846,100,160,Move,117683,3
846,100,163,Unknown(163),117770,3
846,100,160,Move,117776,3
846,100,160,Move,117776,3
846,100,162,Released,118568,3
846,100,162,Released,118569,3
845,102,160,Move,118581,3
845,102,160,Move,118581,3
844,103,160,Move,118587,3
844,103,160,Move,118587,3
844,104,160,Move,118595,3
844,104,160,Move,118595,3
819,137,512,Move,119161,3
819,137,512,Move,119161,3
819,137,512,Move,119161,3
821,137,512,Move,119186,3
822,135,512,Move,119194,3
826,134,512,Move,119210,3
830,131,160,Move,119218,3
845,125,160,Move,119226,3
855,118,160,Move,119234,3
856,117,160,Move,119242,3
857,116,160,Move,119250,3
860,114,160,Move,119266,3
866,108,160,Move,119274,3
874,98,160,Move,119282,3
882,88,512,Move,119290,3
885,79,512,Move,119298,3
887,77,512,Move,119306,3
887,75,512,Move,119314,3
888,73,512,Move,119322,3
888,67,512,Move,119330,3
888,63,512,Move,119338,3
888,60,512,Move,119346,3
888,58,512,Move,119354,3
888,55,512,Move,119362,3
888,54,512,Move,119370,3
888,51,512,Move,119378,3
888,50,512,Move,119386,3
889,48,512,Move,119394,3
889,45,512,Move,119402,3
889,43,512,Move,119410,3
889,40,512,Move,119418,3
889,38,512,Move,119426,3
889,33,512,Move,119434,3
889,32,512,Move,119442,3
887,30,512,Move,119450,3
886,27,512,Move,119458,3
885,26,512,Move,119466,3
885,25,160,Move,119474,3
885,22,512,Move,119482,0
882,19,512,Move,119490,0
882,17,512,Move,119498,0
882,14,512,Move,119506,0
880,11,512,Move,119514,0
880,10,512,Move,119522,0
880,9,512,Move,119530,0
880,8,512,Move,119546,0
878,7,512,Move,119554,0
878,6,512,Move,119562,0
878,5,512,Move,119570,0
878,4,512,Move,119658,0
876,4,512,Move,119666,0
875,4,512,Move,119674,0
873,4,512,Move,119682,0
872,4,512,Move,119690,0
868,4,512,Move,119698,0
863,5,512,Move,119706,0
859,5,512,Move,119714,0
855,6,512,Move,119722,0
850,6,512,Move,119730,0
848,6,512,Move,119738,0
844,6,512,Move,119746,0
834,6,512,Move,119754,0
831,7,512,Move,119762,0
830,7,512,Move,119778,0
824,8,512,Move,119786,0
820,8,512,Move,119794,0
816,8,512,Move,119802,0
815,9,512,Move,119810,0
815,10,512,Move,119978,0
815,11,512,Move,119986,0
815,13,512,Move,120002,0
815,14,512,Move,120010,0
815,16,512,Move,120018,0
815,17,512,Move,120034,0
815,18,512,Move,120050,0
815,19,512,Move,120058,0
815,20,512,Move,120146,0
815,21,512,Move,120154,0
815,22,512,Move,120178,0
815,24,160,Move,120403,3
815,24,160,Move,120403,3
815,25,160,Move,120410,3
815,27,512,Move,120418,3
815,28,512,Move,120426,3
813,31,512,Move,120434,3
813,33,512,Move,120442,3
813,34,512,Move,120458,3
813,36,512,Move,120482,3
813,37,512,Move,120530,3
811,37,512,Move,120538,3
811,39,512,Move,120546,3
811,40,512,Move,120554,3
811,41,512,Move,120562,3
811,42,512,Move,120570,3
811,42,513,Pressed,120722,3
811,42,512,Move,120728,3
811,42,512,Move,120728,3
811,42,514,Released,120826,3
811,42,514,Released,120827,3
811,45,512,Move,121146,3
811,45,512,Move,121147,3
811,49,512,Move,121154,3
811,49,512,Move,121154,3
811,55,512,Move,121162,3
811,55,512,Move,121162,3
811,58,512,Move,121170,3
811,58,512,Move,121170,3
811,59,512,Move,121186,3
811,59,512,Move,121187,3
811,69,512,Move,121194,3
811,69,512,Move,121195,3
811,74,512,Move,121202,3
811,74,512,Move,121202,3
812,78,512,Move,121210,3
812,78,512,Move,121210,3
814,93,512,Move,121218,3
814,93,512,Move,121219,3
814,101,512,Move,121226,3
814,101,512,Move,121226,3
818,115,512,Move,121234,3
818,115,512,Move,121235,3
824,132,512,Move,121242,3
824,132,512,Move,121242,3
826,146,512,Move,121250,3
826,146,512,Move,121250,3
830,157,512,Move,121258,3
830,157,512,Move,121258,3
831,166,512,Move,121266,3
831,166,512,Move,121266,3
831,168,512,Move,121274,3
831,168,512,Move,121275,3
831,185,512,Move,121282,3
831,185,512,Move,121282,3
831,196,512,Move,121290,3
831,196,512,Move,121290,3
831,207,512,Move,121298,3
831,207,512,Move,121298,3
831,217,512,Move,121306,3
831,217,512,Move,121306,3
831,226,512,Move,121314,3
831,226,512,Move,121315,3
831,237,512,Move,121322,3
831,237,512,Move,121322,3
831,243,512,Move,121330,3
831,243,512,Move,121330,3
831,249,512,Move,121338,3
831,249,512,Move,121338,3
831,250,512,Move,121346,3
831,250,512,Move,121346,3
831,251,512,Move,121362,3
831,251,512,Move,121362,3
831,252,512,Move,121370,3
831,252,512,Move,121370,3
831,253,512,Move,121402,3
831,253,512,Move,121402,3
831,255,512,Move,121410,3
831,255,512,Move,121410,3
831,257,512,Move,121418,3
831,257,512,Move,121418,3
831,259,512,Move,121426,3
831,259,512,Move,121426,3
831,262,512,Move,121434,3
831,262,512,Move,121434,3
831,268,512,Move,121442,3
831,268,512,Move,121442,3
831,274,512,Move,121450,3
831,274,512,Move,121450,3
831,280,512,Move,121458,3
831,280,512,Move,121458,3
831,282,512,Move,121474,3
831,282,512,Move,121474,3
829,290,512,Move,121482,3
829,290,512,Move,121482,3
829,299,512,Move,121490,3
829,299,512,Move,121490,3
829,305,512,Move,121498,3
829,305,512,Move,121498,3
829,311,512,Move,121506,3
829,311,512,Move,121506,3
829,315,512,Move,121514,3
829,315,512,Move,121514,3
830,319,512,Move,121522,3
830,319,512,Move,121522,3
830,320,512,Move,121530,3
830,320,512,Move,121530,3
830,323,512,Move,121538,3
830,323,512,Move,121538,3
830,325,512,Move,121546,3
830,325,512,Move,121546,3
830,326,512,Move,121554,3
830,326,512,Move,121554,3
831,324,512,Move,121650,3
831,324,512,Move,121650,3
831,323,512,Move,121658,3
831,323,512,Move,121658,3
832,321,512,Move,121674,3
832,321,512,Move,121674,3
832,320,512,Move,121682,3
832,320,512,Move,121682,3
832,318,512,Move,121690,3
832,318,512,Move,121690,3
832,317,512,Move,121698,3
832,317,512,Move,121698,3
832,316,512,Move,121706,3
832,316,512,Move,121706,3
832,315,512,Move,121714,3
832,315,512,Move,121714,3
832,314,512,Move,121722,3
832,314,512,Move,121722,3
832,313,512,Move,121730,3
832,313,512,Move,121730,3
832,312,512,Move,121738,3
832,312,512,Move,121738,3
832,310,512,Move,121754,3
832,310,512,Move,121754,3
830,310,512,Move,121770,3
830,310,512,Move,121770,3
830,308,512,Move,121778,3
830,308,512,Move,121778,3
830,306,512,Move,121786,3
830,306,512,Move,121786,3
830,305,512,Move,121794,3
830,305,512,Move,121794,3
830,304,512,Move,121802,3
830,304,512,Move,121802,3
830,303,512,Move,121818,3
830,303,512,Move,121819,3
830,301,512,Move,121826,3
830,301,512,Move,121826,3
830,301,513,Pressed,122106,3
830,301,513,Pressed,122107,3
830,301,513,Pressed,122107,3
830,301,514,Released,122250,3
830,301,514,Released,122250,3
830,301,512,Move,122252,3
806,293,160,Move,122981,3
806,293,160,Move,122987,3
719,274,512,Move,123176,3
719,274,512,Move,123176,3
719,274,512,Move,123177,3
719,274,512,Move,123177,3
712,273,512,Move,123178,3
712,273,512,Move,123179,3
711,273,512,Move,123202,3
711,271,512,Move,123218,3
708,269,512,Move,123226,3
705,267,512,Move,123234,3
702,266,512,Move,123258,3
701,263,512,Move,123266,3
697,262,512,Move,123274,3
692,259,512,Move,123282,3
691,256,512,Move,123290,3
688,253,512,Move,123298,3
685,252,512,Move,123306,3
684,251,512,Move,123314,3
682,250,512,Move,123322,3
682,248,512,Move,123330,3
679,246,512,Move,123338,3
679,245,512,Move,123346,3
675,243,512,Move,123354,3
673,243,512,Move,123378,3
670,240,512,Move,123394,3
665,237,512,Move,123402,3
662,234,512,Move,123410,3
661,231,512,Move,123418,3
654,226,512,Move,123426,3
647,219,512,Move,123434,3
640,214,512,Move,123442,3
635,207,512,Move,123450,3
633,203,512,Move,123458,3
632,200,512,Move,123466,3
628,197,512,Move,123474,3
628,196,512,Move,123482,3
628,192,512,Move,123490,3
626,187,512,Move,123498,3
625,186,512,Move,123506,3
624,185,512,Move,123514,3
624,184,512,Move,123522,3
622,183,512,Move,123530,3
620,182,512,Move,123538,3
618,179,512,Move,123546,3
616,178,512,Move,123554,3
614,175,512,Move,123562,3
612,172,512,Move,123570,3
609,171,512,Move,123578,3
604,169,512,Move,123586,3
603,166,512,Move,123594,3
599,166,512,Move,123602,3
596,166,512,Move,123610,3
593,164,160,Move,123618,3
592,164,160,Move,123626,3
590,164,160,Move,123634,3
587,164,160,Move,123642,3
586,164,160,Move,123650,3
584,164,160,Move,123658,3
583,165,160,Move,123674,3
580,165,160,Move,123682,3
579,166,512,Move,123698,3
575,166,512,Move,123706,3
573,167,512,Move,123714,3
571,168,512,Move,123730,3
570,168,512,Move,123738,3
569,170,512,Move,123746,3
563,173,512,Move,123754,3
558,178,512,Move,123762,3
555,181,512,Move,123770,3
552,185,512,Move,123778,3
545,194,512,Move,123786,3
544,197,512,Move,123794,3
541,201,512,Move,123802,3
539,204,512,Move,123818,3
538,207,512,Move,123826,3
537,208,512,Move,123850,3
537,209,512,Move,123858,3
534,211,512,Move,123874,3
534,213,512,Move,123882,3
532,214,512,Move,123890,3
530,216,512,Move,123898,3
523,221,512,Move,123914,3
520,226,512,Move,123922,3
516,230,512,Move,123930,3
514,233,512,Move,123938,3
514,234,512,Move,123946,3
509,238,512,Move,123954,3
508,241,512,Move,123962,3
507,244,512,Move,123970,3
507,245,512,Move,123986,3
507,247,512,Move,123994,3
507,248,512,Move,124002,3
507,251,512,Move,124018,3
507,253,512,Move,124026,3
508,253,512,Move,124034,3
508,254,512,Move,124058,3
508,255,512,Move,124066,3
508,256,160,Move,124082,3
508,256,160,Move,124082,3
506,252,512,Move,124266,3
502,247,512,Move,124274,3
498,240,512,Move,124282,3
495,236,512,Move,124290,3
492,231,512,Move,124298,3
491,231,512,Move,124306,3
489,229,512,Move,124315,3
489,229,512,Move,124315,3
489,229,512,Move,124316,3
489,228,512,Move,124322,3
487,228,512,Move,124330,3
486,228,512,Move,124386,3
485,228,512,Move,124458,3
483,228,512,Move,124466,3
482,228,512,Move,124474,3
479,228,512,Move,124490,3
477,228,512,Move,124498,3
474,228,512,Move,124506,3
471,226,512,Move,124514,3
467,225,512,Move,124522,3
466,224,512,Move,124530,3
465,224,512,Move,124538,3
463,224,512,Move,124546,3
461,224,512,Move,124602,3
461,222,512,Move,124618,3
459,221,512,Move,124626,3
458,220,512,Move,124634,3
458,219,512,Move,124650,3
458,218,512,Move,124658,3
456,218,512,Move,124674,3
455,218,512,Move,124690,3
455,216,512,Move,124698,3
455,215,512,Move,124722,3
455,215,513,Pressed,124810,3
455,215,514,Released,124914,3
455,215,512,Move,124915,3
455,215,512,Move,124915,3
455,216,512,Move,124994,3
455,217,512,Move,125002,3
455,218,512,Move,125018,3
456,219,512,Move,125026,3
456,220,512,Move,125034,3
457,221,512,Move,125042,3
458,222,512,Move,125050,3
460,225,512,Move,125058,3
460,226,512,Move,125066,3
461,229,512,Move,125194,3
462,233,512,Move,125202,3
464,237,512,Move,125210,3
471,248,512,Move,125218,3
483,261,160,Move,125226,3
483,261,160,Move,125226,3
496,278,160,Move,125234,3
496,278,160,Move,125234,3
497,279,160,Move,125242,3
497,279,160,Move,125242,3
499,282,160,Move,125250,3
499,282,160,Move,125250,3
508,295,160,Move,125258,3
508,295,160,Move,125258,3
524,315,160,Move,125266,3
524,315,160,Move,125266,3
539,332,160,Move,125274,3
539,332,160,Move,125274,3
552,350,160,Move,125282,3
552,350,160,Move,125282,3
562,364,160,Move,125298,3
562,364,160,Move,125298,3
573,379,512,Move,125306,3
573,379,512,Move,125306,3
581,391,512,Move,125314,3
581,391,512,Move,125314,3
581,391,512,Move,125315,3
589,401,512,Move,125322,3
589,401,512,Move,125322,3
590,403,512,Move,125330,3
590,403,512,Move,125330,3
590,403,512,Move,125331,3
590,408,160,Move,125346,3
590,408,160,Move,125346,3
590,408,160,Move,125347,3
591,412,160,Move,125354,3
591,412,160,Move,125354,3
593,424,512,Move,125362,3
593,424,512,Move,125362,3
599,439,512,Move,125370,3
599,439,512,Move,125370,3
599,441,512,Move,125378,3
599,441,512,Move,125378,3
599,441,512,Move,125379,3
604,452,512,Move,125386,3
604,452,512,Move,125386,3
608,466,160,Move,125394,3
608,466,160,Move,125394,3
608,466,160,Move,125395,3
609,466,160,Move,125402,3
609,466,160,Move,125402,3
610,467,160,Move,125410,3
610,467,160,Move,125410,3
610,468,160,Move,125418,3
610,468,160,Move,125418,3
611,472,160,Move,125426,3
611,472,160,Move,125426,3
612,473,160,Move,125442,3
612,473,160,Move,125442,3
618,482,160,Move,125450,3
618,482,160,Move,125450,3
627,497,512,Move,125458,3
627,497,512,Move,125458,3
632,509,160,Move,125466,3
632,509,160,Move,125466,3
632,509,160,Move,125467,3
643,521,512,Move,125474,3
644,525,512,Move,125482,3
645,526,512,Move,125490,3
645,527,512,Move,125514,3
647,530,512,Move,125522,3
650,535,512,Move,125530,3
652,541,512,Move,125538,3
652,543,512,Move,125546,3
653,549,512,Move,125554,3
653,550,512,Move,125562,3
653,553,512,Move,125570,3
653,554,512,Move,125586,3
653,555,512,Move,125610,3
653,556,512,Move,125618,3
654,559,512,Move,125634,3
654,563,512,Move,125642,3
658,566,512,Move,125650,3
660,574,512,Move,125658,3
662,577,512,Move,125666,3
662,578,512,Move,125690,3
664,578,512,Move,125698,3
665,578,512,Move,125706,3
666,578,512,Move,125730,3
667,579,512,Move,125738,3
671,579,512,Move,125746,3
675,579,512,Move,125754,3
681,579,512,Move,125762,3
683,579,512,Move,125770,3
686,579,512,Move,125778,3
692,579,512,Move,125794,3
697,579,512,Move,125802,3
698,579,512,Move,125810,3
699,579,512,Move,125818,3
700,579,512,Move,125834,3
701,577,512,Move,125842,3
704,577,512,Move,125850,3
705,577,512,Move,125858,3
706,575,512,Move,125866,3
708,575,512,Move,125874,3
709,575,512,Move,125882,3
712,575,512,Move,125890,3
715,573,512,Move,125914,3
716,573,512,Move,125922,3
717,573,512,Move,125930,3
717,573,513,Pressed,126058,3
717,573,514,Released,126130,3
591,567,512,Move,127342,3
591,567,512,Move,127342,3
591,567,512,Move,128221,3
591,567,512,Move,128221,3
591,567,513,Pressed,128221,3
591,567,513,Pressed,128222,3
591,567,514,Released,128298,3
591,567,512,Move,129373,3
591,567,512,Move,129374,3
591,567,512,Move,129380,3
591,567,512,Move,129380,3
587,570,512,Move,129866,3
585,570,512,Move,129874,3
584,570,512,Move,129882,3
583,570,512,Move,129890,3
581,570,512,Move,129898,3
580,571,512,Move,129906,3
578,571,512,Move,129922,3
578,568,512,Move,129954,3
578,566,512,Move,129962,3
579,544,512,Move,129970,3
579,536,512,Move,129978,3
579,523,512,Move,129986,3
583,506,160,Move,130002,3
583,506,160,Move,130002,3
606,450,512,Move,130010,3
606,450,512,Move,130010,3
639,382,160,Move,130018,3
639,382,160,Move,130018,3
639,382,160,Move,130019,3
658,345,160,Move,130026,3
658,345,160,Move,130026,3
702,275,512,Move,130034,3
735,226,512,Move,130042,3
783,161,512,Move,130050,3
836,103,160,Move,130058,3
862,78,512,Move,130066,3
876,67,512,Move,130074,3
886,62,512,Move,130082,3
889,60,512,Move,130090,3
921,44,160,Move,130098,3
922,44,160,Move,130106,3
937,35,160,Move,130114,3
949,29,160,Move,130122,3
966,23,512,Move,130130,0
968,23,512,Move,130138,0
971,23,512,Move,130146,0
972,23,512,Move,130306,0
973,23,512,Move,130322,0
970,23,512,Move,130338,0
967,21,512,Move,130346,0
965,20,512,Move,130354,0
962,20,512,Move,130362,0
961,18,512,Move,130370,0
960,18,512,Move,130386,0
959,18,512,Move,130418,0
958,18,512,Move,130434,0
956,18,512,Move,130450,0
955,18,512,Move,130474,0
954,19,512,Move,130506,0
954,20,512,Move,130514,0
954,21,512,Move,130522,0
954,22,512,Move,130530,0
954,24,160,Move,130538,3
954,26,160,Move,130554,3
955,26,160,Move,130570,3
956,26,160,Move,130578,3
957,26,160,Move,130586,3
958,26,160,Move,130594,3
959,26,160,Move,130602,3
962,26,160,Move,130762,3
963,26,160,Move,130802,3
965,26,160,Move,130858,3
966,26,160,Move,130866,3
967,26,160,Move,130874,3
969,26,160,Move,130882,3
970,26,160,Move,130890,3
972,26,160,Move,130898,3
973,26,160,Move,130906,3
974,26,160,Move,130914,3
977,26,160,Move,130922,3
979,26,160,Move,130930,3
981,26,160,Move,130938,3
983,27,160,Move,130946,3
987,29,160,Move,131107,3
987,29,160,Move,131107,3
987,29,160,Move,131108,3
987,29,160,Move,131108,3
987,29,160,Move,131108,3
987,29,160,Move,131146,3
987,29,160,Move,131146,3
987,29,160,Move,131147,3
987,29,160,Move,131147,3
987,29,160,Move,131147,3
987,29,160,Move,131166,3
987,29,161,Pressed,131170,3
987,29,162,Released,131274,3
987,29,512,Move,131278,0
987,29,512,Move,131293,0
987,29,512,Move,131295,0
987,29,512,Move,131295,0
987,29,512,Move,131296,0
987,29,512,Move,131296,0
987,29,512,Move,131297,0
987,29,512,Move,131297,0
987,29,512,Move,131298,0
987,29,512,Move,131299,0
987,29,512,Move,131299,0
987,29,512,Move,131299,0
987,29,512,Move,131300,0
987,29,512,Move,131300,0
987,29,512,Move,131300,0
987,29,512,Move,131301,0
987,29,512,Move,131301,0
987,29,512,Move,131301,0
987,29,512,Move,131302,0
987,29,512,Move,131302,0
987,29,512,Move,131333,0
987,29,512,Move,131362,0
987,29,512,Move,131363,0
987,29,512,Move,131363,0
987,29,512,Move,131363,0
987,29,512,Move,131365,0
987,29,512,Move,131365,0
987,29,512,Move,131366,0
987,29,512,Move,131366,0
987,29,512,Move,131367,0
987,29,512,Move,131371,0
985,29,512,Move,131434,0
984,29,512,Move,131442,0
983,30,512,Move,131458,0
982,32,512,Move,131466,0
979,39,512,Move,131474,0
978,40,512,Move,131490,0
976,41,512,Move,131498,0
974,45,512,Move,131506,0
971,48,512,Move,131522,0
970,49,512,Move,131530,0
968,51,512,Move,131538,0
967,52,512,Move,131554,0
965,55,512,Move,131562,0
958,60,512,Move,131570,0
957,60,512,Move,131578,0
956,61,512,Move,131586,0
955,61,512,Move,131706,0
952,61,512,Move,131714,0
944,61,512,Move,131722,0
942,61,512,Move,131730,0
939,61,512,Move,131738,0
931,62,512,Move,131746,0
930,62,512,Move,131754,0
929,63,512,Move,131786,0
925,64,512,Move,131794,0
922,65,512,Move,131810,0
921,66,512,Move,131818,0
919,68,512,Move,131826,0
919,69,512,Move,131939,0
917,69,512,Move,131946,0
916,70,512,Move,131954,0
915,71,512,Move,131962,0
915,72,512,Move,131986,0
909,73,512,Move,132034,0
905,76,512,Move,132042,0
900,78,512,Move,132058,0
898,79,512,Move,132066,0
898,80,512,Move,132074,0
895,81,512,Move,132082,0
894,81,512,Move,132090,0
891,82,512,Move,132098,0
889,83,512,Move,132106,0
886,84,512,Move,132114,0
883,87,512,Move,132123,0
879,89,512,Move,132130,0
874,92,160,Move,132138,3
873,93,160,Move,132146,3
869,96,160,Move,132154,3
866,98,160,Move,132162,3
863,101,160,Move,132170,3
859,103,160,Move,132178,3
856,106,160,Move,132186,3
855,107,160,Move,132194,3
854,107,160,Move,132202,3
851,108,160,Move,132210,3
850,109,160,Move,132234,3
850,109,164,Pressed,132842,3
850,109,160,Move,132844,3
850,109,160,Move,132844,3
850,109,165,Released,132938,3
850,109,512,Move,132940,3
850,109,512,Move,132940,3
850,114,512,Move,133378,3
850,114,512,Move,133378,3
855,125,512,Move,133386,3
855,125,512,Move,133386,3
859,136,512,Move,133394,3
859,136,512,Move,133394,3
859,138,512,Move,133410,3
859,138,512,Move,133410,3
859,138,512,Move,133416,3
859,138,512,Move,133417,3
863,152,512,Move,133418,3
863,152,512,Move,133418,3
863,155,512,Move,133426,3
863,155,512,Move,133426,3
868,168,512,Move,133434,3
868,168,512,Move,133434,3
868,170,512,Move,133442,3
868,170,512,Move,133442,3
868,170,512,Move,133447,3
868,170,512,Move,133447,3
868,171,512,Move,133450,3
868,171,512,Move,133450,3
869,180,512,Move,133458,3
869,180,512,Move,133458,3
869,185,512,Move,133466,3
869,185,512,Move,133466,3
870,189,512,Move,133474,3
870,189,512,Move,133474,3
870,193,512,Move,133482,3
870,193,512,Move,133482,3
870,196,512,Move,133490,3
870,196,512,Move,133490,3
870,197,512,Move,133498,3
870,197,512,Move,133498,3
870,198,512,Move,133514,3
870,198,512,Move,133514,3
870,201,512,Move,133610,3
870,201,512,Move,133610,3
870,203,512,Move,133634,3
870,203,512,Move,133634,3
870,206,512,Move,133642,3
870,206,512,Move,133642,3
870,210,512,Move,133650,3
870,210,512,Move,133650,3
870,214,512,Move,133658,3
870,214,512,Move,133658,3
870,218,512,Move,133666,3
870,218,512,Move,133666,3
870,221,512,Move,133674,3
870,221,512,Move,133674,3
870,222,512,Move,133682,3
870,222,512,Move,133682,3
870,222,512,Move,133685,3
870,222,512,Move,133686,3
870,223,512,Move,133698,3
870,223,512,Move,133698,3
870,226,512,Move,133706,3
870,226,512,Move,133706,3
870,227,512,Move,133714,3
870,227,512,Move,133714,3
871,229,512,Move,133722,3
871,229,512,Move,133722,3
871,229,512,Move,133728,3
871,229,512,Move,133729,3
871,231,512,Move,133738,3
871,231,512,Move,133738,3
872,233,512,Move,133746,3
872,233,512,Move,133746,3
872,234,512,Move,133762,3
872,234,512,Move,133762,3
872,235,512,Move,133786,3
872,235,512,Move,133786,3
873,235,512,Move,133802,3
873,235,512,Move,133802,3
873,236,512,Move,133890,3
873,236,512,Move,133890,3
873,236,513,Pressed,133970,3
873,236,513,Pressed,133970,3
873,236,513,Pressed,133971,3
873,236,514,Released,134066,3
873,236,514,Released,134066,3
873,236,512,Move,134067,0
873,236,512,Move,134075,0
873,236,512,Move,134075,0
873,236,512,Move,134121,0
871,236,512,Move,134130,0
869,236,512,Move,134138,0
868,234,512,Move,134146,0
868,234,512,Move,134152,0
868,234,512,Move,134152,0
868,234,512,Move,134152,0
868,234,512,Move,134153,0
868,234,512,Move,134154,0
868,234,512,Move,134155,0
868,234,512,Move,134155,0
868,234,512,Move,134155,0
868,234,512,Move,134158,0
868,234,512,Move,134160,0
867,234,512,Move,134162,0
866,232,512,Move,134170,0
864,231,512,Move,134210,0
864,231,512,Move,134215,0
864,231,512,Move,134215,0
860,227,512,Move,134234,0
856,226,512,Move,134242,0
852,224,512,Move,134250,0
850,222,512,Move,134258,0
846,220,512,Move,134266,0
843,219,512,Move,134282,0
842,219,512,Move,134290,0
842,217,512,Move,134298,0
842,216,512,Move,134306,0
840,216,512,Move,134314,0
839,214,512,Move,134322,0
838,213,512,Move,134330,0
838,213,512,Move,134351,0
837,212,512,Move,134362,0
836,212,512,Move,134378,0
835,212,512,Move,134386,0
832,210,512,Move,134402,0
831,209,512,Move,134410,0
831,208,512,Move,134426,0
831,207,512,Move,134434,0
831,206,512,Move,134458,0
829,206,512,Move,134474,0
829,204,512,Move,134490,0
827,203,512,Move,134498,0
826,201,512,Move,134506,0
825,200,512,Move,134514,0
824,200,512,Move,134522,0
823,200,512,Move,134554,0
823,198,512,Move,134562,0
821,198,512,Move,134578,0
820,198,512,Move,134594,0
819,196,512,Move,134610,0
818,196,512,Move,134618,0
821,349,512,Move,141314,0
822,355,512,Move,141322,0
822,356,512,Move,141330,0
823,362,512,Move,141338,0
824,368,512,Move,141346,0
826,374,512,Move,141354,0
827,375,512,Move,141370,0
827,376,512,Move,141378,0
827,372,512,Move,141650,0
825,369,512,Move,141658,0
825,370,512,Move,141698,0
825,373,512,Move,141706,0
828,384,512,Move,141714,0
830,400,512,Move,141722,0
834,425,512,Move,141730,0
838,439,512,Move,141738,0
841,455,512,Move,141746,0
842,458,512,Move,141754,0
846,477,512,Move,141762,0
852,493,512,Move,141770,0
854,505,512,Move,141778,0
862,543,512,Move,141786,0
866,562,512,Move,141794,0
866,567,512,Move,141802,0
871,586,512,Move,141810,0
873,602,512,Move,141818,0
873,613,512,Move,141826,0
874,624,512,Move,141834,0
874,635,512,Move,141842,0
874,643,512,Move,141850,0
872,649,512,Move,141858,0
872,655,512,Move,141866,0
872,663,512,Move,141882,0
873,675,512,Move,141890,0
871,702,512,Move,142266,0
870,703,512,Move,142282,0
870,704,512,Move,142298,0
868,704,512,Move,142306,0
868,702,512,Move,142594,0
866,702,512,Move,142602,0
866,700,512,Move,142618,0
864,700,512,Move,142626,0
864,698,512,Move,142650,0
862,698,512,Move,142682,0
862,696,512,Move,142714,0
860,695,512,Move,142730,0
860,694,512,Move,142746,0
860,694,513,Pressed,142866,0
860,694,514,Released,142986,0
852,712,512,Move,143602,0
852,716,512,Move,143610,0
852,719,512,Move,143618,0
853,720,512,Move,143626,0
853,721,512,Move,143642,0
857,725,512,Move,143650,0
859,728,512,Move,143658,0
861,729,512,Move,143666,0
862,730,512,Move,143674,0
864,733,512,Move,143682,0
866,735,512,Move,143690,0
867,736,512,Move,143698,0
868,739,512,Move,143706,0
869,739,512,Move,143714,0
870,739,512,Move,143722,0
870,740,512,Move,143730,0
871,741,512,Move,143754,0
871,742,512,Move,143770,0
871,743,512,Move,143778,0
873,743,512,Move,143802,0
875,743,512,Move,143818,0
878,744,512,Move,143842,0
881,744,512,Move,143850,0
883,744,512,Move,143858,0
884,744,512,Move,143866,0
887,744,512,Move,143874,0
891,745,512,Move,143882,0
894,746,512,Move,143890,0
895,747,512,Move,143898,0
895,747,512,Move,144218,0
895,747,513,Pressed,145002,0
895,747,512,Move,145002,0
895,747,514,Released,145090,0
895,747,512,Move,145090,0
895,747,512,Move,145110,0
895,747,512,Move,145110,0
895,747,512,Move,145112,0
895,747,515,doubleclick,145186,0
895,747,514,Released,145314,0
895,747,512,Move,145314,0
895,744,512,Move,145746,0
895,743,512,Move,145762,0
896,736,512,Move,145770,0
896,712,512,Move,145778,0
898,672,512,Move,145794,0
898,661,512,Move,145802,0
896,647,512,Move,145810,0
896,621,512,Move,145818,0
896,545,160,Move,145826,3
896,545,160,Move,145826,3
892,484,512,Move,145834,3
892,484,512,Move,145834,3
892,484,512,Move,145834,3
892,440,512,Move,145842,3
892,440,512,Move,145842,3
892,401,512,Move,145850,3
892,401,512,Move,145850,3
892,378,512,Move,145858,3
892,378,512,Move,145858,3
892,367,512,Move,145866,3
892,367,512,Move,145866,3
896,350,512,Move,145874,3
896,350,512,Move,145874,3
902,333,512,Move,145882,3
902,333,512,Move,145882,3
906,324,512,Move,145890,3
906,324,512,Move,145890,3
910,310,512,Move,145898,3
910,310,512,Move,145898,3
918,298,512,Move,145906,3
918,298,512,Move,145906,3
927,288,512,Move,145914,3
927,288,512,Move,145914,3
933,281,512,Move,145922,3
933,281,512,Move,145922,3
939,278,512,Move,145930,3
939,278,512,Move,145930,3
940,277,512,Move,145938,3
940,277,512,Move,145938,3
938,277,512,Move,146042,3
938,277,512,Move,146042,3
936,277,512,Move,146050,3
936,277,512,Move,146050,3
932,278,512,Move,146058,3
932,278,512,Move,146058,3
927,278,512,Move,146066,3
927,278,512,Move,146066,3
923,279,512,Move,146074,3
923,279,512,Move,146074,3
918,280,512,Move,146082,3
918,280,512,Move,146082,3
914,280,512,Move,146090,3
914,280,512,Move,146090,3
908,280,512,Move,146098,3
908,280,512,Move,146098,3
906,278,512,Move,146106,3
906,278,512,Move,146106,3
904,278,512,Move,146114,3
904,278,512,Move,146114,3
903,276,512,Move,146122,3
903,276,512,Move,146122,3
897,272,512,Move,146130,3
897,272,512,Move,146130,3
891,267,512,Move,146138,3
891,267,512,Move,146138,3
888,262,512,Move,146146,3
888,262,512,Move,146146,3
888,262,512,Move,146146,3
882,254,512,Move,146154,3
882,254,512,Move,146154,3
879,249,512,Move,146162,3
879,249,512,Move,146162,3
877,246,512,Move,146170,3
877,246,512,Move,146170,3
875,242,512,Move,146178,3
875,242,512,Move,146178,3
875,242,512,Move,146178,3
875,239,512,Move,146186,3
875,239,512,Move,146186,3
875,237,512,Move,146202,3
875,237,512,Move,146202,3
875,233,512,Move,146210,3
875,233,512,Move,146210,3
875,233,512,Move,146210,3
875,231,512,Move,146218,3
875,231,512,Move,146218,3
875,231,512,Move,146218,3
875,229,512,Move,146226,3
875,229,512,Move,146226,3
875,226,512,Move,146234,3
875,226,512,Move,146234,3
875,225,512,Move,146242,3
875,225,512,Move,146242,3
875,226,512,Move,146482,3
875,226,512,Move,146482,3
875,227,512,Move,146514,3
875,227,512,Move,146514,3
875,227,513,Pressed,146642,3
875,227,513,Pressed,146642,3
875,227,514,Released,146754,3
875,227,514,Released,146754,3
875,227,512,Move,146754,3
875,227,512,Move,146754,3
621,173,512,Move,152786,0
604,166,512,Move,152793,0
588,164,512,Move,152801,0
574,160,512,Move,152809,0
569,159,512,Move,152817,0
567,159,512,Move,152833,0
566,159,512,Move,152841,0
563,159,512,Move,152849,0
562,159,512,Move,152857,0
561,159,512,Move,152865,0
560,159,512,Move,152881,0
560,160,512,Move,153002,0
561,162,512,Move,153009,0
565,165,512,Move,153017,0
568,166,512,Move,153025,0
571,169,512,Move,153033,0
574,171,512,Move,153041,0
576,172,512,Move,153049,0
579,173,512,Move,153057,0
580,173,512,Move,153065,0
875,227,512,Move,153493,3
875,227,512,Move,153493,3
875,227,513,Pressed,153493,3
875,227,513,Pressed,153494,3
873,225,512,Move,153494,3
873,225,512,Move,153494,3
873,225,514,Released,153494,3
873,225,514,Released,153495,3
873,225,515,doubleclick,153495,3
580,173,512,Move,153495,0
873,225,515,doubleclick,153495,3
873,225,514,Released,153495,3
873,225,514,Released,153496,3
580,173,512,Move,153496,0
873,225,513,Pressed,153496,3
873,225,513,Pressed,153496,3
873,225,514,Released,153497,3
873,225,514,Released,153497,3
580,173,512,Move,153497,0
580,174,512,Move,153746,0
581,174,512,Move,153753,0
582,175,512,Move,153761,0
583,176,512,Move,153769,0
583,177,512,Move,153786,0
584,179,512,Move,153794,0
831,197,512,Move,155138,3
831,197,512,Move,155138,3
850,197,512,Move,155145,3
850,197,512,Move,155146,3
861,197,512,Move,155154,3
861,197,512,Move,155154,3
877,197,512,Move,155161,3
877,197,512,Move,155162,3
893,197,512,Move,155169,3
893,197,512,Move,155170,3
897,197,512,Move,155177,3
897,197,512,Move,155178,3
901,197,512,Move,155193,3
901,197,512,Move,155194,3
902,195,512,Move,155201,3
902,195,512,Move,155202,3
902,196,512,Move,155290,3
902,196,512,Move,155290,3
892,197,512,Move,155297,3
892,197,512,Move,155298,3
879,197,512,Move,155305,3
879,197,512,Move,155306,3
878,197,512,Move,155314,3
878,197,512,Move,155314,3
875,198,512,Move,155321,3
875,198,512,Move,155322,3
861,200,512,Move,155329,3
861,200,512,Move,155330,3
856,201,512,Move,155337,3
856,201,512,Move,155338,3
855,201,512,Move,155345,3
855,201,512,Move,155346,3
850,201,512,Move,155361,3
850,201,512,Move,155362,3
849,201,512,Move,155369,3
849,201,512,Move,155370,3
846,201,512,Move,155377,3
846,201,512,Move,155378,3
845,201,512,Move,155385,3
845,201,512,Move,155386,3
845,199,512,Move,155449,3
845,199,512,Move,155450,3
843,199,512,Move,155562,3
843,199,512,Move,155562,3
841,199,512,Move,155601,3
841,199,512,Move,155602,3
835,200,512,Move,155617,3
835,200,512,Move,155618,3
831,200,512,Move,155625,3
831,200,512,Move,155626,3
826,200,512,Move,155633,3
826,200,512,Move,155634,3
822,201,512,Move,155641,3
822,201,512,Move,155642,3
818,201,512,Move,155649,3
818,201,512,Move,155650,3
802,197,512,Move,156169,3
802,197,512,Move,156170,3
802,197,512,Move,156170,3
802,197,512,Move,156174,3
802,197,512,Move,156174,3
803,198,512,Move,156378,3
803,198,512,Move,156378,3
804,199,512,Move,156393,3
804,199,512,Move,156394,3
804,201,512,Move,156401,3
804,201,512,Move,156402,3
804,204,512,Move,156409,3
804,204,512,Move,156410,3
805,206,512,Move,156417,3
805,206,512,Move,156418,3
808,215,512,Move,156425,3
808,215,512,Move,156426,3
810,219,512,Move,156433,3
810,219,512,Move,156434,3
810,219,512,Move,156434,3
811,228,512,Move,156441,3
811,228,512,Move,156442,3
812,229,512,Move,156449,3
812,229,512,Move,156450,3
812,230,512,Move,156465,3
812,230,512,Move,156466,3
813,230,512,Move,156553,3
813,230,512,Move,156554,3
813,230,512,Move,156554,3
814,230,512,Move,156641,3
814,230,512,Move,156642,3
818,230,512,Move,156649,3
818,230,512,Move,156650,3
822,230,512,Move,156657,3
822,230,512,Move,156658,3
825,231,512,Move,156665,3
825,231,512,Move,156666,3
829,234,512,Move,156673,3
829,234,512,Move,156674,3
829,234,512,Move,156674,3
835,235,512,Move,156681,3
835,235,512,Move,156682,3
838,235,512,Move,156689,3
838,235,512,Move,156690,3
841,236,512,Move,156697,3
841,236,512,Move,156698,3
841,236,512,Move,156698,3
842,237,512,Move,156705,3
842,237,512,Move,156706,3
843,238,512,Move,156721,3
843,238,512,Move,156722,3
844,239,512,Move,156745,3
844,239,512,Move,156746,3
844,240,512,Move,156761,3
844,240,512,Move,156762,3
845,242,512,Move,156769,3
845,242,512,Move,156770,3
845,244,512,Move,156777,3
845,244,512,Move,156778,3
848,250,512,Move,156785,3
848,250,512,Move,156786,3
848,250,512,Move,156786,3
849,253,512,Move,156793,3
849,253,512,Move,156794,3
852,259,512,Move,156801,3
852,259,512,Move,156802,3
854,262,512,Move,156809,3
854,262,512,Move,156810,3
855,263,512,Move,156817,3
855,263,512,Move,156818,3
855,263,513,Pressed,157130,3
855,263,513,Pressed,157130,3
855,263,514,Released,157233,3
855,263,514,Released,157234,3
855,263,512,Move,157234,3
855,263,512,Move,157235,3
855,263,512,Move,159649,3
855,263,512,Move,159649,3
855,263,512,Move,159810,3
855,263,512,Move,159810,3
855,263,512,Move,160480,3
855,263,512,Move,160480,3
855,263,512,Move,160703,3
855,263,512,Move,160703,3
855,263,512,Move,162195,3
855,263,512,Move,162195,3
852,263,512,Move,164209,3
852,263,512,Move,164210,3
851,263,512,Move,164217,3
851,263,512,Move,164218,3
850,263,512,Move,164249,3
850,263,512,Move,164250,3
850,264,512,Move,164257,3
850,264,512,Move,164258,3
846,266,512,Move,164265,3
846,266,512,Move,164265,3
839,271,512,Move,164273,3
839,271,512,Move,164273,3
839,271,512,Move,164274,3
827,277,512,Move,164281,3
827,277,512,Move,164282,3
818,283,512,Move,164289,3
818,283,512,Move,164289,3
811,288,512,Move,164297,3
811,288,512,Move,164298,3
796,298,512,Move,164305,3
796,298,512,Move,164306,3
796,298,512,Move,164306,3
791,305,512,Move,164313,3
791,305,512,Move,164314,3
791,305,512,Move,164314,3
788,308,512,Move,164321,3
788,308,512,Move,164322,3
782,311,512,Move,164329,3
782,311,512,Move,164329,3
781,311,512,Move,164353,3
781,311,512,Move,164353,3
777,311,512,Move,164361,3
777,311,512,Move,164362,3
776,312,512,Move,164369,3
776,312,512,Move,164369,3
773,312,512,Move,164377,3
773,312,512,Move,164377,3
772,312,512,Move,164393,3
772,312,512,Move,164393,3
772,313,512,Move,164417,3
772,313,512,Move,164417,3
772,315,512,Move,164425,3
772,315,512,Move,164425,3
772,316,512,Move,164433,3
772,316,512,Move,164434,3
772,317,512,Move,164441,3
772,317,512,Move,164441,3
772,318,512,Move,164449,3
772,318,512,Move,164449,3
773,320,512,Move,164457,3
773,320,512,Move,164457,3
774,321,512,Move,164465,3
774,321,512,Move,164465,3
776,322,512,Move,164473,3
776,322,512,Move,164473,3
781,325,512,Move,164481,3
781,325,512,Move,164481,3
793,329,512,Move,164497,3
793,329,512,Move,164497,3
805,337,512,Move,164505,3
805,337,512,Move,164505,3
817,345,512,Move,164513,3
817,345,512,Move,164514,3
819,345,512,Move,164521,3
819,345,512,Move,164521,3
820,345,512,Move,164529,3
820,345,512,Move,164529,3
826,350,512,Move,164537,3
826,350,512,Move,164537,3
830,355,512,Move,164545,3
830,355,512,Move,164545,3
835,358,512,Move,164553,3
835,358,512,Move,164553,3
836,361,512,Move,164561,3
836,361,512,Move,164561,3
837,362,512,Move,164569,3
837,362,512,Move,164569,3
839,364,512,Move,164577,3
839,364,512,Move,164577,3
840,364,512,Move,164585,3
840,364,512,Move,164585,3
840,365,512,Move,164593,3
840,365,512,Move,164593,3
840,366,512,Move,164601,3
840,366,512,Move,164601,3
840,367,512,Move,164609,3
840,367,512,Move,164609,3
840,371,512,Move,164617,3
840,371,512,Move,164617,3
840,372,512,Move,164625,3
840,372,512,Move,164625,3
840,376,512,Move,164633,3
840,376,512,Move,164634,3
840,376,512,Move,164634,3
840,378,512,Move,164641,3
840,378,512,Move,164642,3
840,381,512,Move,164649,3
840,381,512,Move,164649,3
840,382,512,Move,164657,3
840,382,512,Move,164657,3
840,383,512,Move,164665,3
840,383,512,Move,164665,3
840,384,512,Move,164673,3
840,384,512,Move,164673,3
840,385,512,Move,164681,3
840,385,512,Move,164681,3
840,385,513,Pressed,164857,3
840,385,513,Pressed,164858,3
840,385,514,Released,164945,3
840,385,514,Released,164946,3
840,385,512,Move,165405,3
840,385,512,Move,165405,3
842,389,512,Move,165433,3
842,389,512,Move,165434,3
851,400,512,Move,165441,3
851,400,512,Move,165442,3
851,400,512,Move,165442,3
853,403,512,Move,165449,3
853,403,512,Move,165450,3
853,404,512,Move,165457,3
853,404,512,Move,165458,3
866,430,512,Move,165465,3
866,430,512,Move,165466,3
875,452,512,Move,165473,3
875,452,512,Move,165474,3
881,466,512,Move,165481,3
881,466,512,Move,165482,3
890,481,512,Move,165489,3
890,481,512,Move,165490,3
908,518,512,Move,165497,3
908,518,512,Move,165498,3
916,527,512,Move,165505,3
916,527,512,Move,165506,3
922,544,160,Move,165513,3
922,544,160,Move,165514,3
922,544,160,Move,165514,3
928,561,160,Move,165521,3
928,561,160,Move,165522,3
1023,568,512,Move,165873,0
1023,564,512,Move,165881,0
1023,562,512,Move,165889,0
1023,558,512,Move,165897,0
1023,553,512,Move,165905,0
1023,546,512,Move,165913,0
1023,541,512,Move,165921,0
1023,536,512,Move,165929,0
1023,532,512,Move,165937,0
1023,530,512,Move,165945,0
1023,529,512,Move,165953,0
1023,528,512,Move,165961,0
1023,527,512,Move,165969,0
1023,526,512,Move,166001,0
1023,525,512,Move,166025,0
1023,522,512,Move,166041,0
1023,521,512,Move,166049,0
1023,520,512,Move,166081,0
1021,520,512,Move,166161,0
1019,520,512,Move,166169,0
1018,520,512,Move,166177,0
1015,520,512,Move,166185,0
1014,520,512,Move,166193,0
1013,520,512,Move,166201,0
1011,521,512,Move,166209,0
1006,522,512,Move,166217,0
1005,522,512,Move,166233,0
1004,523,512,Move,166265,0
1004,524,512,Move,166321,0
1004,526,512,Move,166329,0
1005,527,512,Move,166337,0
1005,528,512,Move,166345,0
1006,528,512,Move,166353,0
1006,529,512,Move,166361,0
1006,530,512,Move,166385,0
1006,531,512,Move,166401,0
1006,532,512,Move,166417,0
1006,533,512,Move,166425,0
1006,534,512,Move,166433,0
1006,537,512,Move,166441,0
1006,539,512,Move,166449,0
1006,540,512,Move,166457,0
1006,543,512,Move,166465,0
1006,547,512,Move,166481,0
1006,550,512,Move,166489,0
1006,551,512,Move,166497,0
1006,555,512,Move,166505,0
1006,561,512,Move,166513,0
1006,565,512,Move,166521,0
1006,567,512,Move,166529,0
1006,570,512,Move,166537,0
1003,573,512,Move,167124,0
1003,573,512,Move,167124,0
1001,573,512,Move,167353,0
999,573,512,Move,167393,0
999,574,512,Move,167401,0
997,575,512,Move,167409,0
996,577,512,Move,167417,0
994,586,512,Move,167425,0
993,592,512,Move,167433,0
991,596,512,Move,167441,0
990,602,512,Move,167449,0
987,607,512,Move,167457,0
987,608,512,Move,167465,0
987,613,512,Move,167473,0
981,626,512,Move,167481,0
979,640,512,Move,167497,0
969,654,512,Move,167505,0
963,666,512,Move,167513,0
941,713,512,Move,167577,0
941,715,512,Move,167593,0
939,716,512,Move,167601,0
938,719,512,Move,167609,0
937,723,512,Move,167625,0
935,726,512,Move,167641,0
934,730,512,Move,167657,0
933,731,512,Move,167665,0
929,735,512,Move,167673,0
929,738,512,Move,167681,0
929,739,512,Move,167697,0
927,740,512,Move,167705,0
926,741,512,Move,167737,0
926,744,512,Move,167745,0
924,745,512,Move,167753,0
924,746,512,Move,167761,0
921,747,512,Move,167769,0
920,750,512,Move,167777,0
918,753,512,Move,167785,0
917,754,512,Move,167793,0
917,755,512,Move,167801,0
915,755,512,Move,168105,0
913,755,512,Move,168113,0
912,755,512,Move,168121,0
909,755,512,Move,168129,0
908,755,512,Move,168137,0
906,755,512,Move,168145,0
903,755,512,Move,168153,0
902,755,512,Move,168169,0
902,755,512,Move,168170,0
901,756,512,Move,168177,0
900,756,512,Move,168185,0
899,756,512,Move,168193,0
899,756,512,Move,168247,0
898,756,512,Move,168369,0
896,756,512,Move,168377,0
895,756,512,Move,168393,0
894,756,512,Move,168417,0
893,756,512,Move,168561,0
893,754,512,Move,168585,0
891,754,512,Move,168601,0
889,754,512,Move,168609,0
888,754,512,Move,168625,0
888,752,512,Move,168649,0
890,752,512,Move,168753,0
891,752,512,Move,168761,0
895,753,512,Move,168769,0
901,753,512,Move,168777,0
904,753,512,Move,168785,0
904,753,512,Move,168786,0
906,753,512,Move,168809,0
907,753,512,Move,168833,0
907,753,512,Move,168856,0
910,753,512,Move,168921,0
911,753,512,Move,168929,0
912,753,512,Move,168945,0
913,753,512,Move,168953,0
914,753,512,Move,168961,0
915,753,512,Move,168985,0
916,753,512,Move,168993,0
919,753,512,Move,169001,0
921,753,512,Move,169009,0
921,753,512,Move,169010,0
923,753,512,Move,169017,0
924,753,512,Move,169033,0
926,753,512,Move,169041,0
927,753,512,Move,169049,0
928,753,512,Move,169057,0
928,753,512,Move,169074,0
931,753,512,Move,169089,0
933,753,512,Move,169097,0
936,754,512,Move,169105,0
940,754,512,Move,169113,0
940,754,512,Move,169113,0
942,754,512,Move,169121,0
944,755,512,Move,169129,0
945,755,512,Move,169137,0
946,755,512,Move,169153,0
947,755,512,Move,169161,0
947,755,512,Move,169184,0
949,755,512,Move,169233,0
951,755,512,Move,169345,0
952,755,512,Move,169353,0
955,755,512,Move,169361,0
956,755,512,Move,169369,0
958,755,512,Move,169377,0
958,755,512,Move,169378,0
961,755,512,Move,169385,0
962,756,512,Move,169393,0
963,756,512,Move,169401,0
964,756,512,Move,169417,0
964,756,512,Move,169449,0
965,754,512,Move,169561,0
962,754,512,Move,169673,0
961,754,512,Move,169681,0
960,752,512,Move,169689,0
956,752,512,Move,169697,0
956,752,512,Move,169697,0
950,750,512,Move,169705,0
944,750,512,Move,169713,0
943,750,512,Move,169721,0
942,750,512,Move,169729,0
936,748,512,Move,169737,0
930,747,512,Move,169745,0
926,747,512,Move,169753,0
923,747,512,Move,169761,0
921,747,512,Move,169769,0
920,747,512,Move,169777,0
918,747,512,Move,169785,0
917,747,512,Move,169793,0
916,747,512,Move,169809,0
916,747,512,Move,169856,0
916,748,512,Move,170033,0
917,748,512,Move,170041,0
918,748,512,Move,170049,0
919,748,512,Move,170057,0
920,748,512,Move,170065,0
921,748,512,Move,170073,0
921,748,512,Move,170074,0
924,748,512,Move,170081,0
925,748,512,Move,170089,0
926,748,512,Move,170097,0
926,748,512,Move,170152,0
926,748,513,Pressed,170561,0
926,748,512,Move,170563,0
926,748,514,Released,170649,0
926,748,512,Move,170649,0
926,748,515,doubleclick,170761,0
926,748,514,Released,170889,0
926,748,512,Move,170889,0
926,748,512,Move,170962,0
926,748,512,Move,170962,0
926,748,512,Move,170963,0
926,748,512,Move,170963,0
926,748,512,Move,170964,0
926,748,512,Move,170965,0
924,746,512,Move,171521,0
923,744,512,Move,171529,0
920,741,512,Move,171537,0
920,738,512,Move,171545,0
915,734,512,Move,171553,0
912,727,512,Move,171561,0
910,725,512,Move,171569,0
905,712,512,Move,171577,0
886,653,512,Move,171609,0
872,584,512,Move,171617,0
868,557,160,Move,171625,3
868,557,160,Move,171625,3
853,498,512,Move,171633,3
853,498,512,Move,171633,3
853,498,512,Move,171634,3
841,468,512,Move,171641,3
841,468,512,Move,171641,3
821,413,512,Move,171649,3
821,413,512,Move,171649,3
787,359,512,Move,171657,3
787,359,512,Move,171657,3
772,337,512,Move,171665,3
772,337,512,Move,171665,3
645,256,160,Move,172193,3
645,256,160,Move,172193,3
647,257,160,Move,172201,3
647,257,160,Move,172201,3
650,259,512,Move,172209,3
650,259,512,Move,172209,3
653,260,512,Move,172217,3
653,260,512,Move,172217,3
656,261,512,Move,172225,3
656,261,512,Move,172225,3
660,261,512,Move,172233,3
660,261,512,Move,172233,3
661,262,512,Move,172241,3
661,262,512,Move,172241,3
662,262,512,Move,172249,3
662,262,512,Move,172249,3
663,262,512,Move,172265,3
663,262,512,Move,172265,3
660,262,512,Move,172521,3
660,262,512,Move,172521,3
658,262,512,Move,172529,3
658,262,512,Move,172529,3
655,262,512,Move,172537,3
655,262,512,Move,172537,3
652,262,512,Move,172545,3
652,262,512,Move,172545,3
651,262,512,Move,172553,3
651,262,512,Move,172553,3
650,262,512,Move,172561,3
650,262,512,Move,172561,3
649,262,512,Move,172609,3
649,262,512,Move,172610,3
648,262,512,Move,172625,3
648,262,512,Move,172625,3
647,263,512,Move,172633,3
647,263,512,Move,172633,3
646,263,512,Move,172641,3
646,263,512,Move,172641,3
643,263,512,Move,172649,3
643,263,512,Move,172649,3
642,263,512,Move,172657,3
642,263,512,Move,172657,3
640,263,512,Move,172673,3
640,263,512,Move,172673,3
637,263,512,Move,172681,3
637,263,512,Move,172681,3
636,263,512,Move,172697,3
636,263,512,Move,172697,3
635,263,512,Move,172801,3
635,263,512,Move,172802,3
634,263,512,Move,172809,3
634,263,512,Move,172809,3
634,264,512,Move,172817,3
634,264,512,Move,172817,3
632,264,512,Move,172825,3
632,264,512,Move,172825,3
632,265,512,Move,172833,3
632,265,512,Move,172833,3
630,265,512,Move,172857,3
630,265,512,Move,172857,3
630,266,512,Move,172881,3
630,266,512,Move,172881,3
630,266,513,Pressed,172914,3
630,266,513,Pressed,172914,3
630,266,512,Move,172919,3
630,266,512,Move,172919,3
630,266,514,Released,173001,3
630,266,514,Released,173001,3
752,174,512,Move,175103,3
752,174,512,Move,175104,3
752,174,512,Move,175105,3
752,174,512,Move,175106,3
752,174,512,Move,175106,3
752,176,512,Move,175273,3
752,176,512,Move,175273,3
752,182,512,Move,175281,3
752,182,512,Move,175281,3
752,188,512,Move,175289,3
752,188,512,Move,175289,3
752,188,512,Move,175290,3
753,191,512,Move,175297,3
753,191,512,Move,175297,3
753,205,512,Move,175305,3
753,205,512,Move,175305,3
753,229,512,Move,175313,3
753,229,512,Move,175313,3
755,253,512,Move,175321,3
755,253,512,Move,175321,3
757,269,512,Move,175329,3
757,269,512,Move,175330,3
762,307,512,Move,175337,3
762,307,512,Move,175337,3
764,316,512,Move,175345,3
764,316,512,Move,175345,3
766,353,512,Move,175353,3
766,353,512,Move,175353,3
768,372,512,Move,175361,3
768,372,512,Move,175361,3
768,385,512,Move,175369,3
768,385,512,Move,175369,3
768,412,512,Move,175377,3
768,412,512,Move,175377,3
770,457,512,Move,175385,3
770,457,512,Move,175385,3
776,498,512,Move,175393,3
776,498,512,Move,175393,3
776,508,512,Move,175401,3
776,508,512,Move,175401,3
777,522,512,Move,175409,3
777,522,512,Move,175409,3
782,541,160,Move,175417,3
782,541,160,Move,175418,3
782,541,160,Move,175418,3
783,546,160,Move,175425,3
783,546,160,Move,175425,3
783,554,512,Move,175433,3
783,554,512,Move,175433,3
783,554,512,Move,175434,3
783,560,512,Move,175441,3
783,560,512,Move,175441,3
784,562,512,Move,175449,3
784,562,512,Move,175449,3
784,565,512,Move,175465,3
784,565,512,Move,175465,3
784,573,512,Move,175473,3
784,573,512,Move,175473,3
784,586,512,Move,175481,0
782,595,512,Move,175489,0
782,599,512,Move,175497,0
782,604,512,Move,175505,0
782,606,512,Move,175513,0
782,609,512,Move,175521,0
783,609,512,Move,175649,0
784,609,512,Move,175657,0
785,609,512,Move,175665,0
785,609,512,Move,175692,0
790,607,512,Move,175697,0
790,607,512,Move,175699,0
807,603,512,Move,175706,0
815,603,512,Move,175713,0
826,601,512,Move,175721,0
832,599,512,Move,175729,0
842,595,512,Move,175737,0
848,595,512,Move,175745,0
855,595,512,Move,175753,0
870,599,512,Move,175761,0
881,602,512,Move,175769,0
893,610,512,Move,175777,0
893,610,512,Move,175780,0
910,623,512,Move,175785,0
928,639,512,Move,175793,0
928,639,512,Move,175795,0
928,639,512,Move,175796,0
928,639,512,Move,175796,0
941,654,512,Move,175801,0
945,658,512,Move,175809,0
945,658,512,Move,175812,0
980,712,512,Move,175833,0
996,739,160,Move,175841,0
1002,750,160,Move,175849,0
1006,757,160,Move,175857,0
1007,758,160,Move,175865,0
1009,762,160,Move,175873,0
1011,766,160,Move,175881,0
1014,767,160,Move,175889,0
1015,767,160,Move,175897,0
1015,767,160,Move,175902,0
1015,767,160,Move,175903,0
1015,767,160,Move,175903,0
1016,767,160,Move,175905,0
1016,767,160,Move,175919,0
1016,767,160,Move,175919,0
1016,767,160,Move,175920,0
1016,767,160,Move,175920,0
1016,767,160,Move,175921,0
1016,767,160,Move,175921,0
1016,767,160,Move,175921,0
1016,767,160,Move,175922,0
1016,767,160,Move,175922,0
1016,767,160,Move,175922,0
1016,767,160,Move,175923,0
1016,767,160,Move,175923,0
1016,767,160,Move,175923,0
1016,767,160,Move,175923,0
1014,767,160,Move,175945,0
1013,767,160,Move,175953,0
1013,767,160,Move,175955,0
1013,767,160,Move,175955,0
1013,767,160,Move,175958,0
1012,765,160,Move,175961,0
1012,765,160,Move,175963,0
1012,765,160,Move,175964,0
1012,765,160,Move,175964,0
1008,765,160,Move,175969,0
1004,765,160,Move,175977,0
996,765,160,Move,175985,0
992,765,160,Move,175993,0
986,765,160,Move,176001,0
981,767,160,Move,176009,0
980,767,160,Move,176017,0
977,767,160,Move,176025,0
977,767,160,Move,176029,0
977,767,160,Move,176029,0
977,767,160,Move,176030,0
977,767,160,Move,176031,0
977,767,160,Move,176031,0
977,767,160,Move,176032,0
977,767,160,Move,176032,0
977,767,160,Move,176032,0
977,767,160,Move,176033,0
977,767,160,Move,176033,0
977,767,160,Move,176034,0
977,767,160,Move,176034,0
975,767,160,Move,176057,0
971,767,512,Move,176065,0
967,767,512,Move,176073,0
967,767,512,Move,176078,0
967,767,512,Move,176078,0
967,767,512,Move,176078,0
967,767,512,Move,176079,0
967,767,512,Move,176080,0
967,767,512,Move,176080,0
967,767,512,Move,176080,0
967,767,512,Move,176081,0
964,767,512,Move,176081,0
963,767,512,Move,176089,0
961,767,512,Move,176121,0
960,767,512,Move,176145,0
959,767,512,Move,176153,0
958,767,512,Move,176161,0
957,767,512,Move,176169,0
957,764,512,Move,176257,0
957,763,512,Move,176265,0
957,762,512,Move,176273,0
957,759,512,Move,176281,0
955,757,512,Move,176289,0
954,756,512,Move,176297,0
954,753,512,Move,176305,0
954,752,512,Move,176313,0
952,749,512,Move,176321,0
951,748,512,Move,176353,0
950,747,512,Move,176361,0
948,747,512,Move,176369,0
946,745,512,Move,176377,0
944,743,512,Move,176393,0
944,743,512,Move,176399,0
943,742,512,Move,176409,0
939,739,512,Move,176417,0
932,734,512,Move,176425,0
931,733,512,Move,176457,0
930,732,512,Move,176465,0
924,728,512,Move,176473,0
923,728,512,Move,176481,0
913,714,512,Move,176489,0
889,676,512,Move,176497,0
883,664,512,Move,176505,0
872,640,512,Move,176513,0
842,590,512,Move,176521,0
832,578,160,Move,176529,3
832,578,160,Move,176529,3
828,566,160,Move,176537,3
828,566,160,Move,176537,3
805,518,512,Move,176545,3
805,518,512,Move,176545,3
805,518,512,Move,176546,3
776,465,512,Move,176553,3
776,465,512,Move,176553,3
765,445,512,Move,176561,3
765,445,512,Move,176561,3
752,428,512,Move,176577,3
752,428,512,Move,176577,3
741,415,512,Move,176585,3
741,415,512,Move,176585,3
740,414,512,Move,176593,3
740,414,512,Move,176593,3
740,413,512,Move,176609,3
740,413,512,Move,176609,3
740,412,512,Move,176617,3
740,412,512,Move,176617,3
734,412,512,Move,176785,3
734,412,512,Move,176785,3
730,412,512,Move,176793,3
730,412,512,Move,176793,3
727,412,512,Move,176801,3
727,412,512,Move,176801,3
715,410,512,Move,176809,3
715,410,512,Move,176809,3
706,404,160,Move,176817,3
706,404,160,Move,176817,3
706,404,160,Move,176818,3
701,399,512,Move,176825,0
689,387,512,Move,176833,0
323,615,512,Move,177713,0
358,708,512,Move,177721,0
382,746,512,Move,177729,0
402,767,512,Move,177737,0
421,767,512,Move,177745,0
455,767,512,Move,177753,0
471,767,512,Move,177761,0
497,767,512,Move,177769,0
516,767,512,Move,177778,0
533,767,160,Move,177785,0
543,767,160,Move,177801,0
550,767,160,Move,177809,0
565,767,160,Move,177817,0
569,767,160,Move,177825,0
569,767,160,Move,177834,0
569,767,160,Move,177836,0
569,767,160,Move,177838,0
569,767,160,Move,177842,0
569,767,160,Move,177864,0
569,767,160,Move,177911,0
570,763,160,Move,177921,0
570,763,160,Move,177928,0
570,763,160,Move,177929,0
570,755,160,Move,177929,0
570,755,160,Move,177932,0
570,755,160,Move,177933,0
573,746,160,Move,177937,0
573,746,160,Move,177939,0
573,746,160,Move,177941,0
573,741,160,Move,177945,0
576,731,512,Move,177953,0
578,722,512,Move,177961,0
581,715,512,Move,177969,0
582,714,512,Move,177977,0
583,712,512,Move,177985,0
583,711,512,Move,177993,0
583,708,512,Move,178009,0
586,696,512,Move,178017,0
592,686,512,Move,178025,0
595,680,512,Move,178033,0
598,677,512,Move,178049,0
598,674,512,Move,178065,0
600,670,512,Move,178073,0
603,667,512,Move,178081,0
607,661,512,Move,178089,0
607,659,512,Move,178105,0
608,657,512,Move,178113,0
608,654,512,Move,178121,0
608,652,512,Move,178129,0
608,651,512,Move,178137,0
608,650,512,Move,178145,0
609,648,512,Move,178185,0
609,647,512,Move,178193,0
610,646,512,Move,178209,0
612,642,512,Move,178225,0
612,641,512,Move,178241,0
614,639,512,Move,178249,0
621,634,512,Move,178257,0
624,629,512,Move,178265,0
626,626,512,Move,178273,0
631,623,512,Move,178281,0
632,622,512,Move,178401,0
635,618,512,Move,178409,0
636,615,512,Move,178418,0
1023,178,512,Move,179649,0
1023,178,512,Move,179654,0
1023,178,512,Move,179654,0
1023,145,512,Move,179657,0
1023,108,512,Move,179665,0
1023,80,512,Move,179673,0
1023,66,512,Move,179681,0
1023,53,512,Move,179689,0
1023,52,512,Move,179697,0
1023,51,512,Move,179705,0
1023,51,512,Move,179740,0
1023,51,512,Move,179752,0
1023,51,512,Move,179752,0
1023,51,512,Move,179753,0
1023,51,512,Move,179756,0
1023,51,512,Move,179768,0
1023,51,512,Move,179768,0
1023,51,512,Move,179768,0
1019,52,512,Move,179817,0
1016,53,512,Move,179825,0
1016,54,512,Move,179833,0
1016,54,512,Move,179834,0
1013,56,512,Move,179841,0
1013,56,512,Move,179844,0
1013,56,512,Move,179845,0
1013,56,512,Move,179845,0
1013,56,512,Move,179846,0
1013,56,512,Move,179846,0
1013,56,512,Move,179848,0
1012,56,512,Move,179849,0
1008,57,512,Move,179857,0
1002,57,512,Move,179865,0
994,58,512,Move,179873,0
988,60,512,Move,179881,0
983,60,512,Move,179889,0
982,60,512,Move,179897,0
981,60,512,Move,179905,0
980,60,512,Move,179921,0
973,60,512,Move,179929,0
657,115,512,Move,222224,0
661,101,512,Move,222232,0
663,92,512,Move,222240,0
664,92,512,Move,222248,0
664,90,512,Move,222256,0
664,91,512,Move,222320,0
664,92,512,Move,222328,0
664,93,512,Move,222384,0
664,94,512,Move,222400,0
664,96,512,Move,222408,0
664,98,512,Move,222416,0
665,98,512,Move,222424,0
665,101,512,Move,222432,0
665,102,512,Move,222440,0
665,104,512,Move,222448,0
665,106,512,Move,222456,0
665,109,512,Move,222464,0
665,110,512,Move,222472,0
665,112,512,Move,222480,0
665,113,512,Move,222496,0
665,114,512,Move,222504,0
665,116,512,Move,222512,0
665,117,512,Move,222520,0
663,118,512,Move,222528,0
663,119,512,Move,222544,0
663,120,512,Move,222552,0
663,121,512,Move,222576,0
663,122,512,Move,222592,0
377,403,512,Move,226241,0
377,403,512,Move,226262,0
377,403,512,Move,226463,0
377,403,512,Move,226478,0
377,403,512,Move,226480,0
377,403,512,Move,226480,0
379,401,512,Move,226712,0
380,401,512,Move,226720,0
384,401,512,Move,226728,0
392,399,512,Move,226736,0
401,397,512,Move,226744,0
415,393,512,Move,226752,0
429,389,512,Move,226760,0
443,385,512,Move,226768,0
460,377,512,Move,226776,0
460,377,512,Move,226778,0
460,377,512,Move,226779,0
460,377,512,Move,226779,0
460,377,512,Move,226780,0
460,377,512,Move,226781,0
460,377,512,Move,226781,0
482,368,512,Move,226784,0
497,359,512,Move,226792,0
526,345,512,Move,226800,0
557,326,512,Move,226808,0
590,305,512,Move,226816,0
628,281,512,Move,226824,0
657,258,512,Move,226832,0
674,249,512,Move,226840,0
708,228,512,Move,226848,3
708,228,512,Move,226848,3
728,215,512,Move,226856,3
728,215,512,Move,226856,3
753,201,512,Move,226864,3
753,201,512,Move,226865,3
753,201,512,Move,226865,3
760,198,512,Move,226875,3
760,198,512,Move,226875,3
764,196,512,Move,226880,3
764,196,512,Move,226881,3
764,196,512,Move,226881,3
779,187,512,Move,226888,3
779,187,512,Move,226888,3
793,181,512,Move,226896,3
793,181,512,Move,226896,3
796,181,512,Move,226904,3
796,181,512,Move,226904,3
799,179,512,Move,226912,3
799,179,512,Move,226912,3
803,179,512,Move,226920,3
803,179,512,Move,226920,3
811,175,512,Move,226928,3
811,175,512,Move,226928,3
813,175,512,Move,227000,3
813,175,512,Move,227000,3
815,175,512,Move,227016,3
815,175,512,Move,227016,3
816,176,512,Move,227024,3
816,176,512,Move,227024,3
816,176,512,Move,227025,3
816,176,512,Move,227026,3
817,177,512,Move,227033,3
817,177,512,Move,227033,3
817,178,512,Move,227144,3
817,178,512,Move,227144,3
817,182,512,Move,227176,3
817,182,512,Move,227176,3
817,183,512,Move,227184,3
817,183,512,Move,227184,3
818,184,512,Move,227192,3
818,184,512,Move,227192,3
818,185,512,Move,227216,3
818,185,512,Move,227216,3
818,186,512,Move,227224,3
818,186,512,Move,227224,3
818,187,512,Move,227280,3
818,187,512,Move,227280,3
818,189,512,Move,227296,3
818,189,512,Move,227296,3
818,191,512,Move,227312,3
818,191,512,Move,227312,3
819,195,512,Move,227320,3
819,195,512,Move,227320,3
819,197,160,Move,227328,3
819,197,512,Move,227329,3
819,197,512,Move,227329,3
819,200,512,Move,227368,3
819,200,512,Move,227368,3
819,200,512,Move,227369,3
820,207,512,Move,227376,3
820,207,512,Move,227376,3
820,209,512,Move,227384,3
820,209,512,Move,227384,3
820,210,512,Move,227392,3
820,210,512,Move,227392,3
820,211,512,Move,227400,3
820,211,512,Move,227400,3
821,214,512,Move,227408,3
821,214,512,Move,227408,3
821,214,512,Move,227409,3
821,215,512,Move,227416,3
821,215,512,Move,227416,3
823,218,512,Move,227424,3
823,218,512,Move,227424,3
823,218,512,Move,227425,3
826,220,512,Move,227432,3
826,220,512,Move,227432,3
829,222,512,Move,227440,3
829,222,512,Move,227440,3
830,224,512,Move,227448,3
830,224,512,Move,227448,3
831,224,512,Move,227464,3
831,224,512,Move,227464,3
832,224,512,Move,227472,3
832,224,512,Move,227472,3
832,221,512,Move,227520,3
832,221,512,Move,227520,3
833,218,512,Move,227528,3
833,218,512,Move,227528,3
833,214,512,Move,227536,3
833,214,512,Move,227536,3
833,214,512,Move,227537,3
833,208,512,Move,227544,3
833,208,512,Move,227544,3
833,208,512,Move,227545,3
834,207,512,Move,227760,3
834,207,512,Move,227760,3
834,206,512,Move,227768,3
834,206,512,Move,227768,3
834,205,512,Move,227800,3
834,205,512,Move,227800,3
835,204,512,Move,227808,3
835,204,512,Move,227808,3
835,202,512,Move,227816,3
835,202,512,Move,227816,3
835,200,512,Move,227824,3
835,200,512,Move,227824,3
835,199,512,Move,227840,3
835,199,512,Move,227840,3
835,199,512,Move,227841,3
836,196,512,Move,227848,3
836,196,512,Move,227848,3
836,196,512,Move,227849,3
839,188,512,Move,227862,3
839,188,512,Move,227862,3
843,176,512,Move,227864,3
843,176,512,Move,227864,3
845,170,512,Move,227872,3
845,170,512,Move,227872,3
846,169,512,Move,227880,3
846,169,512,Move,227880,3
848,163,512,Move,227888,3
848,163,512,Move,227888,3
856,154,160,Move,227901,3
856,154,160,Move,227901,3
856,154,160,Move,227902,3
866,142,160,Move,227907,3
866,142,160,Move,227908,3
879,124,512,Move,227912,3
879,124,512,Move,227912,3
897,104,512,Move,227920,3
897,104,512,Move,227927,3
897,104,512,Move,227927,3
913,84,512,Move,227928,3
913,84,512,Move,227934,3
913,84,512,Move,227935,3
926,69,512,Move,227944,3
926,69,512,Move,227944,3
934,57,512,Move,227952,0
937,53,512,Move,227960,0
937,52,512,Move,228000,0
937,51,512,Move,228016,0
937,49,512,Move,228088,0
938,51,512,Move,228256,0
939,52,512,Move,228264,0
939,55,512,Move,228272,0
939,56,512,Move,228288,0
940,58,512,Move,228296,0
940,59,512,Move,228304,0
941,62,512,Move,228320,3
941,62,512,Move,228320,3
941,66,512,Move,228328,3
941,66,512,Move,228328,3
941,69,512,Move,228336,3
941,69,512,Move,228336,3
941,70,512,Move,228344,3
941,70,512,Move,228344,3
941,72,512,Move,228352,3
941,72,512,Move,228352,3
941,77,512,Move,228360,3
941,77,512,Move,228360,3
941,81,512,Move,228368,3
941,81,512,Move,228368,3
941,85,512,Move,228376,3
941,85,512,Move,228376,3
941,89,512,Move,228384,3
941,89,512,Move,228384,3
941,95,512,Move,228392,3
941,95,512,Move,228392,3
941,98,512,Move,228400,3
941,98,512,Move,228400,3
941,102,512,Move,228408,3
941,102,512,Move,228408,3
941,106,512,Move,228416,3
941,106,512,Move,228416,3
941,109,512,Move,228424,3
941,109,512,Move,228424,3
941,112,512,Move,228432,3
941,112,512,Move,228432,3
938,116,512,Move,228440,3
938,116,512,Move,228440,3
936,119,512,Move,228448,3
936,119,512,Move,228448,3
935,123,512,Move,228456,3
935,123,512,Move,228456,3
932,128,512,Move,228464,3
932,128,512,Move,228464,3
928,134,512,Move,228472,3
928,134,512,Move,228472,3
926,137,512,Move,228480,3
926,137,512,Move,228480,3
924,141,512,Move,228488,3
924,141,512,Move,228488,3
923,141,512,Move,228496,3
923,141,512,Move,228496,3
922,142,160,Move,228560,3
922,142,160,Move,228561,3
922,142,160,Move,228561,3
921,143,160,Move,228568,3
921,143,160,Move,228568,3
920,144,160,Move,228576,3
920,144,160,Move,228576,3
918,145,160,Move,228584,3
918,145,160,Move,228584,3
917,146,160,Move,228592,3
917,146,160,Move,228592,3
917,142,160,Move,228704,3
917,142,160,Move,228704,3
917,139,512,Move,228712,3
917,139,512,Move,228712,3
917,137,512,Move,228720,3
917,137,512,Move,228720,3
917,132,512,Move,228728,3
917,132,512,Move,228728,3
917,131,512,Move,228736,3
917,131,512,Move,228736,3
917,129,512,Move,228744,3
917,129,512,Move,228744,3
917,126,512,Move,228752,3
917,126,512,Move,228752,3
917,124,512,Move,228760,3
917,124,512,Move,228760,3
917,122,512,Move,228776,3
917,122,512,Move,228776,3
917,120,512,Move,228784,3
917,120,512,Move,228784,3
917,119,512,Move,228800,3
917,119,512,Move,228800,3
917,118,512,Move,228808,3
917,118,512,Move,228808,3
917,115,512,Move,228816,3
917,115,512,Move,228816,3
917,114,512,Move,228824,3
917,114,512,Move,228824,3
917,112,512,Move,228832,3
917,112,512,Move,228832,3
917,111,512,Move,228840,3
917,111,512,Move,228840,3
917,108,512,Move,228848,3
917,108,512,Move,228848,3
917,106,512,Move,228856,3
917,106,512,Move,228856,3
917,105,512,Move,228864,3
917,105,512,Move,228864,3
917,103,512,Move,228872,3
917,103,512,Move,228872,3
917,101,512,Move,228888,3
917,101,512,Move,228888,3
917,98,512,Move,228896,3
917,98,512,Move,228896,3
917,97,512,Move,228912,3
917,97,512,Move,228912,3
917,96,512,Move,228928,3
917,96,512,Move,228928,3
917,96,512,Move,229228,3
917,96,512,Move,229229,3
917,95,512,Move,229656,3
917,95,512,Move,229656,3
917,94,512,Move,229728,3
917,94,512,Move,229728,3
915,93,512,Move,229736,3
915,93,512,Move,229736,3
915,92,512,Move,229752,3
915,92,512,Move,229752,3
913,90,512,Move,229760,3
913,90,512,Move,229760,3
912,89,512,Move,229768,3
912,89,512,Move,229768,3
911,89,160,Move,229980,3
911,89,160,Move,229981,3
911,89,160,Move,229981,3
911,87,160,Move,230080,3
911,87,160,Move,230080,3
909,86,160,Move,230096,3
909,86,160,Move,230096,3
909,85,160,Move,230112,3
909,85,160,Move,230112,3
909,84,160,Move,230144,3
909,84,160,Move,230144,3
909,83,512,Move,230216,3
909,83,512,Move,230216,3
907,83,512,Move,230224,3
907,83,512,Move,230224,3
907,81,512,Move,230240,3
907,81,512,Move,230240,3
905,81,512,Move,230264,3
905,81,512,Move,230264,3
905,79,512,Move,230288,3
905,79,512,Move,230288,3
903,78,512,Move,230296,3
903,78,512,Move,230296,3
902,78,512,Move,230312,3
902,78,512,Move,230312,3
901,78,512,Move,230336,3
901,78,512,Move,230336,3
900,78,512,Move,230344,3
900,78,512,Move,230344,3
899,78,512,Move,230352,3
899,78,512,Move,230352,3
898,78,512,Move,230360,3
898,78,512,Move,230360,3
897,78,512,Move,230376,3
897,78,512,Move,230376,3
895,78,512,Move,230384,3
895,78,512,Move,230384,3
894,78,512,Move,230392,3
894,78,512,Move,230392,3
893,78,512,Move,230400,3
893,78,512,Move,230400,3
892,78,512,Move,230408,3
892,78,512,Move,230408,3
891,78,512,Move,230416,3
891,78,512,Move,230416,3
890,79,512,Move,230424,3
890,79,512,Move,230424,3
887,79,512,Move,230448,3
887,79,512,Move,230448,3
883,79,512,Move,230456,3
883,79,512,Move,230456,3
882,79,512,Move,230464,3
882,79,512,Move,230464,3
879,80,160,Move,230472,3
879,80,160,Move,230472,3
879,80,160,Move,230473,3
877,80,160,Move,230480,3
877,80,160,Move,230480,3
874,80,160,Move,230488,3
874,80,160,Move,230488,3
870,80,160,Move,230496,3
870,80,160,Move,230496,3
869,80,160,Move,230504,3
869,80,160,Move,230504,3
865,80,160,Move,230512,3
865,80,160,Move,230512,3
862,80,160,Move,230520,3
862,80,160,Move,230520,3
854,80,160,Move,230528,3
854,80,160,Move,230528,3
846,80,160,Move,230536,3
846,80,160,Move,230536,3
838,80,160,Move,230544,3
838,80,160,Move,230544,3
827,80,160,Move,230552,3
827,80,160,Move,230552,3
821,80,160,Move,230560,3
821,80,160,Move,230560,3
813,80,160,Move,230568,3
813,80,160,Move,230568,3
809,81,160,Move,230576,3
809,81,160,Move,230576,3
806,81,160,Move,230600,3
806,81,160,Move,230600,3
796,79,160,Move,230608,3
796,79,160,Move,230608,3
792,79,160,Move,230616,3
792,79,160,Move,230616,3
787,79,160,Move,230624,3
787,79,160,Move,230624,3
786,79,160,Move,230632,3
786,79,160,Move,230632,3
781,79,160,Move,230640,3
781,79,160,Move,230640,3
773,77,160,Move,230648,3
773,77,160,Move,230648,3
767,77,160,Move,230656,3
767,77,160,Move,230656,3
761,75,160,Move,230664,3
761,75,160,Move,230664,3
758,75,160,Move,230672,3
758,75,160,Move,230672,3
752,73,160,Move,230680,3
752,73,160,Move,230680,3
749,72,160,Move,230688,3
749,72,160,Move,230688,3
747,72,160,Move,230696,3
747,72,160,Move,230696,3
745,70,160,Move,230704,3
745,70,160,Move,230704,3
742,70,160,Move,230752,3
742,70,160,Move,230752,3
739,70,160,Move,230760,3
739,70,160,Move,230760,3
737,70,160,Move,230768,3
737,70,160,Move,230768,3
735,70,160,Move,230776,3
735,70,160,Move,230776,3
733,70,160,Move,230784,3
733,70,160,Move,230784,3
732,70,160,Move,230792,3
732,70,160,Move,230792,3
729,70,160,Move,230800,3
729,70,160,Move,230800,3
728,70,160,Move,230808,3
728,70,160,Move,230808,3
726,70,160,Move,230824,3
726,70,160,Move,230824,3
723,70,160,Move,230840,3
723,70,160,Move,230840,3
722,70,160,Move,230848,3
722,70,160,Move,230848,3
720,70,160,Move,230856,3
720,70,160,Move,230856,3
719,70,160,Move,230864,3
719,70,160,Move,230864,3
716,70,160,Move,230872,3
716,70,160,Move,230872,3
715,70,160,Move,230880,3
715,70,160,Move,230880,3
714,70,160,Move,230888,3
714,70,160,Move,230888,3
713,70,160,Move,230920,3
713,70,160,Move,230920,3
712,70,160,Move,230928,3
712,70,160,Move,230928,3
710,70,160,Move,230936,3
710,70,160,Move,230936,3
708,71,160,Move,230944,3
708,71,160,Move,230944,3
707,71,160,Move,230952,3
707,71,160,Move,230952,3
703,71,160,Move,230960,3
703,71,160,Move,230960,3
702,71,160,Move,230971,3
702,71,160,Move,230971,3
701,71,160,Move,230976,3
701,71,160,Move,230976,3
700,71,160,Move,230984,3
700,71,160,Move,230984,3
698,71,512,Move,230993,3
698,71,512,Move,230994,3
698,71,512,Move,231002,0
698,71,512,Move,231002,0
697,71,512,Move,231008,0
696,71,512,Move,231016,0
695,71,512,Move,231024,0
694,71,512,Move,231041,0
693,71,512,Move,231104,0
692,71,512,Move,231120,0
694,71,512,Move,231368,0
700,71,512,Move,231376,0
708,71,160,Move,231384,3
708,71,160,Move,231384,3
716,71,160,Move,231392,3
716,71,160,Move,231392,3
724,71,160,Move,231400,3
724,71,160,Move,231400,3
726,71,160,Move,231408,3
726,71,160,Move,231408,3
734,71,160,Move,231416,3
734,71,160,Move,231416,3
741,72,160,Move,231424,3
741,72,160,Move,231424,3
745,72,160,Move,231432,3
745,72,160,Move,231432,3
755,73,160,Move,231440,3
755,73,160,Move,231440,3
764,75,160,Move,231448,3
764,75,160,Move,231448,3
765,75,160,Move,231456,3
765,75,160,Move,231456,3
766,75,160,Move,231480,3
766,75,160,Move,231480,3
769,75,160,Move,231488,3
769,75,160,Move,231488,3
769,76,160,Move,231496,3
769,76,160,Move,231496,3
772,77,160,Move,231504,3
772,77,160,Move,231504,3
775,78,160,Move,231512,3
775,78,160,Move,231512,3
780,80,160,Move,231520,3
780,80,160,Move,231520,3
784,83,160,Move,231528,3
784,83,160,Move,231528,3
787,86,160,Move,231536,3
787,86,160,Move,231536,3
790,88,160,Move,231544,3
790,88,160,Move,231544,3
794,91,160,Move,231552,3
794,91,160,Move,231552,3
799,93,512,Move,231560,3
799,93,512,Move,231560,3
801,96,512,Move,231568,3
801,96,512,Move,231568,3
803,98,512,Move,231576,3
803,98,512,Move,231576,3
807,103,512,Move,231584,3
807,103,512,Move,231584,3
812,106,512,Move,231592,3
812,106,512,Move,231592,3
817,113,160,Move,231600,3
817,113,160,Move,231606,3
817,113,160,Move,231607,3
818,115,160,Move,231608,3
818,115,160,Move,231608,3
821,118,512,Move,231616,3
821,118,512,Move,231616,3
822,121,512,Move,231624,3
822,121,512,Move,231624,3
824,122,512,Move,231632,3
824,122,512,Move,231632,3
825,125,512,Move,231640,3
825,125,512,Move,231640,3
826,127,512,Move,231656,3
826,127,512,Move,231656,3
827,128,512,Move,231664,3
827,128,512,Move,231664,3
827,131,512,Move,231672,3
827,131,512,Move,231672,3
828,134,512,Move,231680,3
828,134,512,Move,231680,3
829,136,512,Move,231688,3
829,136,512,Move,231688,3
830,138,160,Move,231696,3
830,138,160,Move,231703,3
830,138,160,Move,231703,3
833,140,160,Move,231712,3
833,140,160,Move,231712,3
834,141,160,Move,231728,3
834,141,160,Move,231728,3
835,142,160,Move,231736,3
835,142,160,Move,231736,3
836,145,160,Move,231744,3
836,145,160,Move,231744,3
838,145,160,Move,231752,3
838,145,160,Move,231752,3
840,147,512,Move,231760,3
840,147,512,Move,231760,3
841,148,512,Move,231768,3
841,148,512,Move,231768,3
842,149,512,Move,231776,3
842,149,512,Move,231776,3
844,149,512,Move,231784,3
844,149,512,Move,231784,3
845,150,512,Move,231792,3
845,150,512,Move,231792,3
846,150,512,Move,231800,3
846,150,512,Move,231800,3
847,150,512,Move,231808,3
847,150,512,Move,231808,3
848,151,512,Move,231816,3
848,151,512,Move,231816,3
849,151,512,Move,231832,3
849,151,512,Move,231832,3
850,152,160,Move,231840,3
850,152,160,Move,231840,3
850,152,160,Move,231841,3
853,152,160,Move,231848,3
853,152,160,Move,231848,3
855,152,160,Move,231856,3
855,152,160,Move,231856,3
857,153,160,Move,231864,3
857,153,160,Move,231864,3
858,153,160,Move,231872,3
858,153,160,Move,231872,3
855,153,160,Move,231992,3
855,153,160,Move,231992,3
853,153,160,Move,232000,3
853,153,160,Move,232000,3
851,154,160,Move,232008,3
851,154,160,Move,232008,3
850,154,160,Move,232024,3
850,154,160,Move,232024,3
853,154,160,Move,232136,3
853,154,160,Move,232136,3
858,154,160,Move,232144,3
858,154,160,Move,232144,3
862,154,160,Move,232152,3
862,154,160,Move,232152,3
866,154,160,Move,232160,3
866,154,160,Move,232160,3
872,152,160,Move,232168,3
872,152,160,Move,232168,3
878,152,160,Move,232176,3
878,152,160,Move,232176,3
881,152,160,Move,232192,3
881,152,160,Move,232192,3
889,152,160,Move,232200,3
889,152,160,Move,232200,3
893,152,160,Move,232208,3
893,152,160,Move,232208,3
899,152,160,Move,232216,3
899,152,160,Move,232216,3
903,152,160,Move,232224,3
903,152,160,Move,232224,3
908,152,160,Move,232232,3
908,152,160,Move,232232,3
912,152,160,Move,232240,3
912,152,160,Move,232240,3
916,152,160,Move,232248,3
916,152,160,Move,232248,3
920,152,160,Move,232256,3
920,152,160,Move,232256,3
925,152,160,Move,232264,3
925,152,160,Move,232264,3
927,152,160,Move,232272,3
927,152,160,Move,232272,3
932,152,160,Move,232280,3
932,152,160,Move,232280,3
933,152,160,Move,232296,3
933,152,160,Move,232296,3
934,152,160,Move,232320,3
934,152,160,Move,232320,3
935,152,160,Move,232328,3
935,152,160,Move,232328,3
936,152,160,Move,232336,3
936,152,160,Move,232336,3
937,152,160,Move,232352,3
937,152,160,Move,232352,3
935,152,160,Move,232424,3
935,152,160,Move,232424,3
934,150,160,Move,232432,3
934,150,160,Move,232432,3
933,150,160,Move,232440,3
933,150,160,Move,232440,3
932,150,160,Move,232456,3
932,150,160,Move,232456,3
927,150,160,Move,232464,3
927,150,160,Move,232464,3
919,150,160,Move,232472,3
919,150,160,Move,232472,3
913,150,160,Move,232480,3
913,150,160,Move,232480,3
910,150,160,Move,232488,3
910,150,160,Move,232488,3
908,150,160,Move,232496,3
908,150,160,Move,232496,3
899,153,160,Move,232504,3
899,153,160,Move,232504,3
893,156,160,Move,232512,3
893,156,160,Move,232512,3
881,160,160,Move,232520,3
881,160,160,Move,232520,3
880,161,160,Move,232528,3
880,161,160,Move,232528,3
874,165,160,Move,232536,3
874,165,160,Move,232536,3
867,173,512,Move,232544,3
867,173,512,Move,232544,3
858,178,512,Move,232558,3
858,178,512,Move,232558,3
845,189,512,Move,232560,3
845,189,512,Move,232560,3
833,197,512,Move,232568,3
833,197,512,Move,232568,3
833,197,512,Move,232569,3
828,203,512,Move,232581,3
828,203,512,Move,232581,3
828,203,512,Move,232582,3
822,213,512,Move,232584,3
822,213,512,Move,232584,3
814,225,512,Move,232592,3
814,225,512,Move,232592,3
814,225,512,Move,232593,3
808,242,512,Move,232600,3
808,242,512,Move,232600,3
808,242,512,Move,232601,3
809,349,512,Move,232797,3
809,349,512,Move,232797,3
806,354,512,Move,233104,3
806,354,512,Move,233104,3
797,369,512,Move,233119,3
797,369,512,Move,233120,3
787,381,512,Move,233123,3
787,381,512,Move,233123,3
787,382,512,Move,233139,3
787,382,512,Move,233139,3
780,399,512,Move,233154,3
780,399,512,Move,233154,3
778,436,512,Move,233169,3
778,436,512,Move,233170,3
774,459,512,Move,233187,3
774,459,512,Move,233187,3
774,462,512,Move,233205,3
774,462,512,Move,233205,3
774,463,512,Move,233220,3
774,463,512,Move,233220,3
774,466,512,Move,233250,3
774,466,512,Move,233250,3
774,468,512,Move,233265,3
774,468,512,Move,233265,3
774,472,512,Move,233280,3
774,472,512,Move,233281,3
774,474,512,Move,233296,3
774,474,512,Move,233296,3
774,477,512,Move,233312,3
774,478,160,Move,233312,3
774,481,160,Move,233329,3
774,481,160,Move,233329,3
774,483,160,Move,233344,3
774,483,160,Move,233344,3
772,484,160,Move,233352,3
772,484,160,Move,233352,3
772,486,160,Move,233360,3
772,486,160,Move,233360,3
770,486,160,Move,233368,3
770,486,160,Move,233368,3
770,491,512,Move,233432,3
770,491,512,Move,233432,3
770,493,512,Move,233440,3
770,493,512,Move,233440,3
768,498,512,Move,233448,3
768,498,512,Move,233448,3
768,502,512,Move,233456,3
768,502,512,Move,233456,3
768,505,512,Move,233464,3
768,505,512,Move,233464,3
768,506,512,Move,233472,3
768,506,512,Move,233472,3
766,508,512,Move,233488,3
766,508,512,Move,233488,3
766,511,512,Move,233496,3
766,511,512,Move,233496,3
764,512,512,Move,233504,3
764,512,512,Move,233504,3
764,514,512,Move,233512,3
764,514,512,Move,233512,3
764,519,512,Move,233520,3
764,519,512,Move,233520,3
764,521,512,Move,233528,3
764,521,512,Move,233528,3
764,524,512,Move,233536,3
764,524,512,Move,233536,3
764,528,512,Move,233544,3
764,528,512,Move,233544,3
762,529,512,Move,233552,3
762,529,512,Move,233552,3
762,530,512,Move,233560,3
762,530,512,Move,233560,3
762,533,160,Move,233568,3
762,533,160,Move,233568,3
762,533,160,Move,233569,3
762,534,160,Move,233576,3
762,534,160,Move,233576,3
762,535,160,Move,233584,3
762,535,160,Move,233584,3
762,537,160,Move,233592,3
762,537,160,Move,233592,3
762,538,160,Move,233632,3
762,538,160,Move,233632,3
762,541,160,Move,233648,3
762,541,160,Move,233648,3
763,544,512,Move,233656,3
763,544,512,Move,233656,3
763,546,512,Move,233664,3
763,546,512,Move,233664,3
763,549,512,Move,233672,3
763,549,512,Move,233672,3
764,550,512,Move,233680,3
764,550,512,Move,233680,3
764,551,512,Move,233696,3
764,551,512,Move,233696,3
761,552,512,Move,233856,3
761,552,512,Move,233856,3
760,552,512,Move,233872,3
760,552,512,Move,233872,3
760,552,513,Pressed,234056,3
760,552,513,Pressed,234056,3
760,552,514,Released,234168,3
760,552,514,Released,234168,3
760,552,512,Move,234178,3
760,552,512,Move,234178,3
760,550,512,Move,234848,3
760,550,512,Move,234848,3
760,548,512,Move,234864,3
760,548,512,Move,234864,3
760,547,512,Move,234872,3
760,547,512,Move,234872,3
761,543,512,Move,234880,3
761,543,512,Move,234880,3
761,539,512,Move,234888,3
761,539,512,Move,234888,3
761,539,512,Move,234889,3
762,536,512,Move,234922,3
762,536,512,Move,234922,3
762,535,512,Move,234928,3
762,535,512,Move,234928,3
762,534,512,Move,234936,3
762,534,512,Move,234936,3
762,532,512,Move,234952,3
762,532,512,Move,234952,3
763,529,512,Move,234960,3
763,529,512,Move,234960,3
763,526,512,Move,234968,3
763,526,512,Move,234968,3
763,524,512,Move,234976,3
763,524,512,Move,234976,3
763,521,512,Move,234984,3
763,521,512,Move,234984,3
763,517,512,Move,234992,3
763,517,512,Move,234992,3
764,514,512,Move,235000,3
764,514,512,Move,235000,3
764,513,512,Move,235008,3
764,513,512,Move,235008,3
764,512,512,Move,235024,3
764,512,512,Move,235024,3
764,511,512,Move,235032,3
764,511,512,Move,235032,3
764,508,512,Move,235048,3
764,508,512,Move,235048,3
764,507,512,Move,235056,3
764,507,512,Move,235056,3
765,506,512,Move,235064,3
765,506,512,Move,235064,3
765,505,512,Move,235072,3
765,505,512,Move,235072,3
765,504,512,Move,235088,3
765,504,512,Move,235088,3
765,501,512,Move,235096,3
765,501,512,Move,235096,3
765,499,512,Move,235104,3
765,499,512,Move,235104,3
766,498,512,Move,235112,3
766,498,512,Move,235112,3
766,497,512,Move,235120,3
766,497,512,Move,235120,3
766,495,512,Move,235152,3
766,495,512,Move,235152,3
766,496,512,Move,235536,3
766,496,512,Move,235536,3
766,498,512,Move,235544,3
766,498,512,Move,235544,3
766,499,512,Move,235584,3
766,499,512,Move,235584,3
766,497,512,Move,235824,3
766,497,512,Move,235824,3
766,495,512,Move,235832,3
766,495,512,Move,235832,3
766,494,512,Move,235840,3
766,494,512,Move,235840,3
766,493,512,Move,235848,3
766,493,512,Move,235848,3
766,492,512,Move,235872,3
766,492,512,Move,235872,3
766,490,512,Move,235880,3
766,490,512,Move,235880,3
766,489,512,Move,235888,3
766,489,512,Move,235888,3
766,487,512,Move,235896,3
766,487,512,Move,235896,3
766,487,512,Move,235916,3
766,487,512,Move,235917,3
766,486,512,Move,235943,3
766,486,512,Move,235943,3
766,485,512,Move,235945,3
766,485,512,Move,235946,3
766,482,512,Move,235952,3
766,482,512,Move,235952,3
766,481,512,Move,235960,3
766,481,512,Move,235960,3
766,480,512,Move,235968,3
766,480,512,Move,235968,3
766,477,512,Move,235976,3
766,477,512,Move,235976,3
766,476,512,Move,235984,3
766,476,512,Move,235984,3
767,474,512,Move,235992,3
767,474,512,Move,235992,3
767,473,512,Move,236008,3
767,473,512,Move,236008,3
767,472,512,Move,236024,3
767,472,512,Move,236024,3
767,469,512,Move,236032,3
767,469,512,Move,236032,3
767,468,512,Move,236040,3
767,468,512,Move,236040,3
767,467,512,Move,236048,3
767,467,512,Move,236048,3
767,466,512,Move,236100,3
767,466,512,Move,236100,3
768,461,512,Move,236132,3
768,461,512,Move,236132,3
768,460,512,Move,236141,3
768,460,512,Move,236142,3
769,459,512,Move,236157,3
769,459,512,Move,236157,3
769,458,512,Move,236163,3
769,458,512,Move,236163,3
769,455,512,Move,236168,3
769,455,512,Move,236168,3
770,454,512,Move,236192,3
770,454,512,Move,236192,3
770,452,512,Move,236200,3
770,452,512,Move,236200,3
770,450,512,Move,236208,3
770,450,512,Move,236208,3
770,448,512,Move,236216,3
770,448,512,Move,236216,3
770,447,512,Move,236232,3
770,447,512,Move,236232,3
770,445,512,Move,236240,3
770,445,512,Move,236240,3
770,443,512,Move,236248,3
770,443,512,Move,236248,3
770,441,512,Move,236256,3
770,441,512,Move,236256,3
770,440,512,Move,236270,3
770,440,512,Move,236271,3
770,439,512,Move,236273,3
770,439,512,Move,236273,3
770,438,512,Move,236285,3
770,438,512,Move,236285,3
770,436,512,Move,236288,3
770,436,512,Move,236288,3
770,435,512,Move,236296,3
770,435,512,Move,236296,3
770,434,512,Move,236312,3
770,434,512,Move,236312,3
770,433,512,Move,236320,3
770,433,512,Move,236320,3
770,432,512,Move,236328,3
770,432,512,Move,236328,3
771,429,512,Move,236344,3
771,429,512,Move,236344,3
771,428,512,Move,236352,3
771,428,512,Move,236352,3
771,426,512,Move,236360,3
771,426,512,Move,236360,3
771,423,512,Move,236368,3
771,423,512,Move,236368,3
771,421,512,Move,236376,3
771,421,512,Move,236376,3
771,420,512,Move,236392,3
771,420,512,Move,236392,3
771,418,512,Move,236400,3
771,418,512,Move,236400,3
771,416,512,Move,236408,3
771,416,512,Move,236408,3
771,413,512,Move,236416,3
771,413,512,Move,236416,3
772,413,512,Move,236424,3
772,413,512,Move,236424,3
772,411,512,Move,236544,3
772,411,512,Move,236544,3
772,410,512,Move,236560,3
772,410,512,Move,236560,3
772,409,512,Move,236576,3
772,409,512,Move,236576,3
772,408,512,Move,236592,3
772,408,512,Move,236592,3
772,407,512,Move,236600,3
772,407,512,Move,236600,3
772,406,512,Move,236616,3
772,406,512,Move,236616,3
772,405,512,Move,236624,3
772,405,512,Move,236624,3
773,405,512,Move,236632,3
773,405,512,Move,236632,3
773,403,512,Move,236640,3
773,403,512,Move,236640,3
773,402,512,Move,236656,3
773,402,512,Move,236656,3
773,401,512,Move,236664,3
773,401,512,Move,236664,3
774,400,512,Move,236672,3
774,400,512,Move,236672,3
774,399,512,Move,236680,3
774,399,512,Move,236680,3
774,399,512,Move,236698,3
774,399,512,Move,236698,3
774,398,512,Move,236712,3
774,398,512,Move,236712,3
774,397,512,Move,236720,3
774,397,512,Move,236720,3
774,398,512,Move,236912,3
774,398,512,Move,236912,3
774,399,512,Move,236920,3
774,399,512,Move,236920,3
774,401,512,Move,236928,3
774,401,512,Move,236928,3
774,404,512,Move,236936,3
774,404,512,Move,236936,3
774,405,512,Move,236944,3
774,405,512,Move,236944,3
774,409,512,Move,236952,3
774,409,512,Move,236952,3
774,411,512,Move,236960,3
774,411,512,Move,236960,3
774,412,512,Move,236970,3
774,412,512,Move,236971,3
774,414,512,Move,236979,3
774,414,512,Move,236979,3
774,417,512,Move,236994,3
774,417,512,Move,236994,3
774,418,512,Move,237000,3
774,418,512,Move,237000,3
774,419,512,Move,237008,3
774,419,512,Move,237008,3
774,421,512,Move,237040,3
774,421,512,Move,237040,3
774,422,512,Move,237136,3
774,422,512,Move,237136,3
774,423,512,Move,237144,3
774,423,512,Move,237144,3
774,424,512,Move,237168,3
774,424,512,Move,237168,3
774,425,512,Move,237176,3
774,425,512,Move,237176,3
774,426,512,Move,237192,3
774,426,512,Move,237192,3
774,426,513,Pressed,237640,3
774,426,513,Pressed,237640,3
774,426,514,Released,237712,3
774,426,514,Released,237712,3
703,423,512,Move,238318,3
703,423,512,Move,238318,3
703,423,512,Move,238319,3
700,421,512,Move,238426,3
700,421,512,Move,238426,3
697,419,512,Move,238435,3
697,419,512,Move,238435,3
692,413,512,Move,238445,3
692,413,512,Move,238445,3
692,413,512,Move,238445,3
685,406,512,Move,238454,3
685,406,512,Move,238454,3
680,401,512,Move,238460,3
680,401,512,Move,238460,3
671,393,512,Move,238466,3
671,393,512,Move,238466,3
668,392,512,Move,238475,3
668,392,512,Move,238476,3
640,374,512,Move,238502,3
640,374,512,Move,238502,3
640,374,512,Move,238502,3
618,363,512,Move,238511,3
618,363,512,Move,238511,3
618,363,512,Move,238512,3
595,351,512,Move,238512,3
595,351,512,Move,238512,3
595,351,512,Move,238513,3
573,340,512,Move,238520,3
573,340,512,Move,238520,3
573,340,512,Move,238520,3
569,339,512,Move,238528,3
569,339,512,Move,238528,3
565,339,512,Move,238536,3
565,339,512,Move,238536,3
555,339,512,Move,238544,3
555,339,512,Move,238544,3
538,339,512,Move,238552,3
538,339,512,Move,238552,3
536,339,512,Move,238560,3
536,339,512,Move,238560,3
528,339,512,Move,238568,3
528,339,512,Move,238568,3
522,339,512,Move,238576,3
522,339,512,Move,238576,3
518,339,512,Move,238584,3
518,339,512,Move,238584,3
513,337,512,Move,238592,3
513,337,512,Move,238592,3
512,337,512,Move,238696,3
512,337,512,Move,238696,3
512,335,512,Move,238728,3
512,335,512,Move,238728,3
513,334,512,Move,238736,3
513,334,512,Move,238736,3
514,330,512,Move,238744,3
514,330,512,Move,238744,3
514,324,512,Move,238752,3
514,324,512,Move,238752,3
516,321,512,Move,238760,3
516,321,512,Move,238760,3
516,317,512,Move,238768,3
516,317,512,Move,238768,3
517,314,512,Move,238776,3
517,314,512,Move,238776,3
518,308,512,Move,238784,3
518,308,512,Move,238784,3
523,289,512,Move,238792,3
523,289,512,Move,238792,3
527,273,512,Move,238800,3
527,273,512,Move,238800,3
528,266,512,Move,238808,3
528,266,512,Move,238808,3
532,255,512,Move,238824,3
532,255,512,Move,238824,3
534,244,512,Move,238832,3
534,244,512,Move,238832,3
534,244,512,Move,238833,3
538,232,512,Move,238840,3
538,232,512,Move,238840,3
542,223,512,Move,238848,3
542,223,512,Move,238848,3
542,222,512,Move,238856,3
542,222,512,Move,238856,3
543,217,512,Move,238872,3
543,217,512,Move,238872,3
550,209,512,Move,238880,3
550,209,512,Move,238880,3
551,208,512,Move,238904,3
551,208,512,Move,238904,3
555,206,512,Move,238912,3
555,206,512,Move,238912,3
556,206,512,Move,238920,3
556,206,512,Move,238920,3
562,203,512,Move,238928,3
562,203,512,Move,238928,3
576,194,512,Move,238936,3
576,194,512,Move,238936,3
588,186,512,Move,238944,3
588,186,512,Move,238944,3
588,186,512,Move,238944,3
600,178,512,Move,238952,3
600,178,512,Move,238952,3
600,178,512,Move,238952,3
618,168,512,Move,238960,3
618,168,512,Move,238960,3
618,168,512,Move,238960,3
627,164,512,Move,238971,3
627,164,512,Move,238971,3
638,158,512,Move,238976,3
638,158,512,Move,238976,3
641,157,512,Move,238984,3
641,157,512,Move,238984,3
644,155,512,Move,238992,3
644,155,512,Move,238992,3
645,155,512,Move,239000,3
645,155,512,Move,239000,3
645,153,512,Move,239008,3
645,153,512,Move,239008,3
643,153,512,Move,239160,3
643,153,512,Move,239160,3
641,153,512,Move,239168,3
641,153,512,Move,239168,3
638,153,512,Move,239176,3
638,153,512,Move,239176,3
636,153,512,Move,239184,3
636,153,512,Move,239184,3
633,154,512,Move,239192,3
633,154,512,Move,239192,3
629,154,512,Move,239200,3
629,154,512,Move,239200,3
625,154,512,Move,239208,3
625,154,512,Move,239208,3
620,154,512,Move,239216,3
620,154,512,Move,239216,3
619,154,512,Move,239224,3
619,154,512,Move,239224,3
618,151,512,Move,239272,3
618,151,512,Move,239272,3
618,151,512,Move,239272,3
618,145,512,Move,239280,3
618,145,512,Move,239280,3
618,145,512,Move,239280,3
618,142,512,Move,239288,3
618,142,512,Move,239288,3
618,138,512,Move,239296,3
618,138,512,Move,239296,3
616,137,512,Move,239304,3
616,137,512,Move,239304,3
616,136,512,Move,239320,3
616,136,512,Move,239320,3
616,133,512,Move,239336,3
616,133,512,Move,239336,3
616,131,512,Move,239344,3
616,131,512,Move,239344,3
616,128,512,Move,239352,3
616,128,512,Move,239352,3
616,128,512,Move,239352,3
614,124,512,Move,239360,3
614,124,512,Move,239360,3
614,124,512,Move,239360,3
613,124,512,Move,239368,3
613,124,512,Move,239368,3
612,122,512,Move,239376,3
612,122,512,Move,239376,3
612,120,512,Move,239384,3
612,120,512,Move,239384,3
610,120,512,Move,239392,3
610,120,512,Move,239392,3
609,117,512,Move,239432,3
609,117,512,Move,239432,3
609,116,512,Move,239440,3
609,116,512,Move,239440,3
609,115,512,Move,239448,3
609,115,512,Move,239448,3
609,111,512,Move,239456,3
609,111,512,Move,239456,3
609,110,512,Move,239472,3
609,110,512,Move,239472,3
609,109,512,Move,239480,3
609,109,512,Move,239480,3
609,107,512,Move,239488,3
609,107,512,Move,239488,3
609,107,512,Move,239488,3
609,106,512,Move,239496,3
609,106,512,Move,239496,3
607,105,512,Move,239504,3
607,105,512,Move,239504,3
607,104,512,Move,239512,3
607,104,512,Move,239512,3
607,103,512,Move,239528,3
607,103,512,Move,239528,3
607,102,512,Move,239544,3
607,102,512,Move,239544,3
607,102,512,Move,239545,3
607,101,512,Move,239632,3
607,101,512,Move,239632,3
605,98,512,Move,239648,3
605,98,512,Move,239648,3
605,97,512,Move,239656,3
605,97,512,Move,239656,3
605,96,512,Move,239664,3
605,96,512,Move,239664,3
605,95,512,Move,239672,3
605,95,512,Move,239672,3
605,94,512,Move,239696,3
605,94,512,Move,239696,3
605,95,512,Move,239992,3
605,95,512,Move,239992,3
605,96,512,Move,240000,3
605,96,512,Move,240000,3
605,97,512,Move,240048,3
605,97,512,Move,240048,3
605,98,512,Move,240080,3
605,98,512,Move,240080,3
605,98,513,Pressed,240408,3
605,98,513,Pressed,240408,3
605,98,514,Released,240480,3
605,98,514,Released,240480,3
605,98,512,Move,240496,3
605,98,512,Move,240496,3
605,99,512,Move,240656,3
605,99,512,Move,240656,3
605,100,512,Move,241952,3
605,100,512,Move,241952,3
603,101,512,Move,241976,3
603,101,512,Move,241976,3
603,103,512,Move,242488,3
603,103,512,Move,242488,3
603,103,512,Move,242488,3
603,104,512,Move,242512,3
603,104,512,Move,242512,3
601,105,512,Move,242544,3
601,105,512,Move,242544,3
601,106,512,Move,242560,3
601,106,512,Move,242560,3
601,107,512,Move,242576,3
601,107,512,Move,242576,3
601,108,512,Move,242584,3
601,108,512,Move,242584,3
601,108,512,Move,242584,3
601,109,512,Move,242600,3
601,109,512,Move,242600,3
601,111,512,Move,242608,3
601,111,512,Move,242608,3
601,112,512,Move,242616,3
601,112,512,Move,242616,3
601,113,512,Move,242632,3
601,113,512,Move,242632,3
601,114,512,Move,242640,3
601,114,512,Move,242640,3
601,115,512,Move,242656,3
601,115,512,Move,242656,3
601,116,512,Move,242672,3
601,116,512,Move,242672,3
601,116,513,Pressed,246744,3
601,116,513,Pressed,246744,3
601,116,514,Released,246848,3
601,116,514,Released,246848,3
601,116,512,Move,246859,3
601,116,512,Move,246860,3
601,119,512,Move,247112,3
601,119,512,Move,247112,3
601,120,512,Move,247120,3
601,120,512,Move,247120,3
601,121,512,Move,247128,3
601,121,512,Move,247128,3
601,122,512,Move,247152,3
601,122,512,Move,247152,3
601,123,512,Move,247160,3
601,123,512,Move,247160,3
599,123,512,Move,247176,3
599,123,512,Move,247176,3
599,124,512,Move,247184,3
599,124,512,Move,247184,3
599,125,512,Move,247200,3
599,125,512,Move,247200,3
599,125,512,Move,247200,3
599,126,512,Move,247208,3
599,126,512,Move,247208,3
599,127,512,Move,247224,3
599,127,512,Move,247224,3
599,128,512,Move,247248,3
599,128,512,Move,247248,3
599,129,512,Move,247264,3
599,129,512,Move,247264,3
599,130,512,Move,247272,3
599,130,512,Move,247272,3
599,132,512,Move,247544,3
599,132,512,Move,247544,3
599,132,512,Move,247544,3
599,133,512,Move,247640,3
599,133,512,Move,247640,3
599,134,512,Move,247704,3
599,134,512,Move,247704,3
599,135,512,Move,247728,3
599,135,512,Move,247728,3
599,136,512,Move,247752,3
599,136,512,Move,247752,3
599,137,512,Move,247768,3
599,137,512,Move,247768,3
599,138,512,Move,247784,3
599,138,512,Move,247784,3
599,140,512,Move,247792,3
599,140,512,Move,247792,3
597,142,512,Move,247808,3
597,142,512,Move,247808,3
597,143,512,Move,247824,3
597,143,512,Move,247824,3
597,144,512,Move,247840,3
597,144,512,Move,247840,3
597,145,512,Move,247848,3
597,145,512,Move,247848,3
597,147,512,Move,247864,3
597,147,512,Move,247864,3
598,148,512,Move,247880,3
598,148,512,Move,247880,3
598,148,512,Move,247880,3
598,149,512,Move,247896,3
598,149,512,Move,247896,3
598,150,512,Move,247912,3
598,150,512,Move,247912,3
598,151,512,Move,247920,3
598,151,512,Move,247920,3
598,152,512,Move,247968,3
598,152,512,Move,247968,3
598,152,512,Move,247968,3
598,153,512,Move,248024,3
598,153,512,Move,248024,3
598,155,512,Move,248040,3
598,155,512,Move,248040,3
598,156,512,Move,248048,3
598,156,512,Move,248048,3
598,157,512,Move,248064,3
598,157,512,Move,248064,3
598,158,512,Move,248096,3
598,158,512,Move,248096,3
598,159,512,Move,248120,3
598,159,512,Move,248120,3
598,160,512,Move,248960,3
598,160,512,Move,248960,3
599,161,512,Move,248968,3
599,161,512,Move,248968,3
599,164,512,Move,248984,3
599,164,512,Move,248984,3
600,165,512,Move,248992,3
600,165,512,Move,248992,3
600,166,512,Move,249000,3
600,166,512,Move,249000,3
600,167,512,Move,249008,3
600,167,512,Move,249008,3
600,168,512,Move,249016,3
600,168,512,Move,249016,3
600,170,512,Move,249024,3
600,170,512,Move,249024,3
600,170,512,Move,249024,3
600,171,512,Move,249032,3
600,171,512,Move,249032,3
600,168,512,Move,249216,3
600,168,512,Move,249216,3
600,168,512,Move,249216,3
600,167,512,Move,249232,3
600,167,512,Move,249232,3
600,166,512,Move,249248,3
600,166,512,Move,249248,3
600,165,512,Move,249256,3
600,165,512,Move,249256,3
600,164,512,Move,249264,3
600,164,512,Move,249264,3
600,162,512,Move,249272,3
600,162,512,Move,249272,3
600,161,512,Move,249280,3
600,161,512,Move,249280,3
600,160,512,Move,249296,3
600,160,512,Move,249296,3
600,159,512,Move,249304,3
600,159,512,Move,249304,3
600,159,513,Pressed,249456,3
600,159,513,Pressed,249456,3
600,159,514,Released,249544,3
600,159,514,Released,249544,3
600,159,512,Move,249555,3
600,159,512,Move,249556,3
600,160,512,Move,249640,3
600,160,512,Move,249640,3
600,162,512,Move,249648,3
600,162,512,Move,249648,3
600,163,512,Move,249656,3
600,163,512,Move,249656,3
600,164,512,Move,249664,3
600,164,512,Move,249664,3
600,167,512,Move,249672,3
600,167,512,Move,249672,3
600,168,512,Move,249680,3
600,168,512,Move,249680,3
600,169,512,Move,249688,3
600,169,512,Move,249688,3
600,169,512,Move,249688,3
600,170,512,Move,249696,3
600,170,512,Move,249696,3
600,173,512,Move,249704,3
600,173,512,Move,249704,3
600,173,512,Move,249704,3
600,174,512,Move,249712,3
600,174,512,Move,249712,3
600,175,512,Move,249728,3
600,175,512,Move,249728,3
600,176,512,Move,249736,3
600,176,512,Move,249736,3
600,177,512,Move,249744,3
600,177,512,Move,249744,3
600,178,512,Move,249760,3
600,178,512,Move,249760,3
600,179,512,Move,249792,3
600,179,512,Move,249792,3
600,181,512,Move,249856,3
600,181,512,Move,249856,3
600,181,513,Pressed,252192,3
600,181,513,Pressed,252192,3
600,181,514,Released,252296,3
600,181,514,Released,252296,3
600,181,512,Move,252307,3
600,181,512,Move,252307,3
600,182,512,Move,252544,3
600,182,512,Move,252544,3
600,186,512,Move,252552,3
600,186,512,Move,252552,3
600,188,512,Move,252560,3
600,188,512,Move,252560,3
601,191,512,Move,252568,3
601,191,512,Move,252568,3
601,191,512,Move,252568,3
601,197,512,Move,252576,3
601,197,512,Move,252576,3
601,197,512,Move,252576,3
601,201,512,Move,252584,3
601,201,512,Move,252584,3
602,207,512,Move,252592,3
602,207,512,Move,252592,3
602,215,512,Move,252600,3
602,215,512,Move,252600,3
602,215,512,Move,252600,3
603,220,512,Move,252608,3
603,220,512,Move,252608,3
604,226,512,Move,252616,3
604,226,512,Move,252616,3
604,226,512,Move,252616,3
604,230,512,Move,252624,3
604,230,512,Move,252624,3
604,233,512,Move,252632,3
604,233,512,Move,252632,3
604,235,512,Move,252640,3
604,235,512,Move,252640,3
604,241,512,Move,252648,3
604,241,512,Move,252648,3
604,247,512,Move,252656,3
604,247,512,Move,252656,3
604,252,512,Move,252664,3
604,252,512,Move,252664,3
604,256,512,Move,252672,3
604,256,512,Move,252672,3
604,262,512,Move,252680,3
604,262,512,Move,252680,3
604,268,512,Move,252688,3
604,268,512,Move,252688,3
605,271,512,Move,252696,3
605,271,512,Move,252696,3
605,275,512,Move,252704,3
605,275,512,Move,252704,3
605,277,512,Move,252712,3
605,277,512,Move,252712,3
606,277,512,Move,252928,3
606,277,512,Move,252928,3
607,277,512,Move,252936,3
607,277,512,Move,252936,3
608,277,512,Move,252944,3
608,277,512,Move,252944,3
610,277,512,Move,252960,3
610,277,512,Move,252960,3
610,277,512,Move,252960,3
611,277,512,Move,253000,3
611,277,512,Move,253000,3
611,275,512,Move,253024,3
611,275,512,Move,253024,3
611,274,512,Move,253048,3
611,274,512,Move,253048,3
611,274,513,Pressed,253232,3
611,274,513,Pressed,253232,3
611,274,514,Released,253320,3
611,274,514,Released,253320,3
614,275,512,Move,253468,3
614,275,512,Move,253468,3
617,276,512,Move,253472,3
617,276,512,Move,253472,3
619,276,512,Move,253480,3
619,276,512,Move,253480,3
622,276,512,Move,253488,3
622,276,512,Move,253488,3
623,276,512,Move,253496,3
623,276,512,Move,253496,3
625,276,512,Move,253848,3
625,276,512,Move,253848,3
623,276,512,Move,253880,3
623,276,512,Move,253880,3
623,277,512,Move,253896,3
623,277,512,Move,253896,3
623,278,512,Move,253912,3
623,278,512,Move,253912,3
623,279,512,Move,253992,3
623,279,512,Move,253992,3
623,280,512,Move,254000,3
623,280,512,Move,254000,3
623,281,512,Move,254008,3
623,281,512,Move,254008,3
623,282,512,Move,254016,3
623,282,512,Move,254016,3
623,283,512,Move,254024,3
623,283,512,Move,254024,3
623,283,512,Move,254024,3
621,286,512,Move,254032,3
621,286,512,Move,254032,3
621,287,512,Move,254040,3
621,287,512,Move,254040,3
621,291,512,Move,254048,3
621,291,512,Move,254048,3
619,299,512,Move,254056,3
619,299,512,Move,254056,3
622,306,512,Move,254064,3
622,306,512,Move,254064,3
622,306,512,Move,254064,3
626,317,512,Move,254072,3
626,317,512,Move,254072,3
629,324,512,Move,254080,3
629,324,512,Move,254080,3
629,324,512,Move,254080,3
635,333,512,Move,254088,3
635,333,512,Move,254088,3
635,333,512,Move,254088,3
638,342,512,Move,254096,3
638,342,512,Move,254096,3
638,342,512,Move,254096,3
642,351,512,Move,254104,3
642,351,512,Move,254104,3
645,358,512,Move,254112,3
645,358,512,Move,254112,3
651,370,512,Move,254120,3
651,370,512,Move,254120,3
651,370,512,Move,254120,3
655,379,512,Move,254128,3
655,379,512,Move,254128,3
655,387,512,Move,254136,3
655,387,512,Move,254136,3
655,387,512,Move,254136,3
657,392,512,Move,254145,3
657,392,512,Move,254145,3
657,396,512,Move,254152,3
657,396,512,Move,254152,3
661,402,512,Move,254160,3
661,402,512,Move,254160,3
663,407,512,Move,254168,3
663,407,512,Move,254168,3
663,408,512,Move,254176,3
663,408,512,Move,254176,3
664,417,512,Move,254184,3
664,417,512,Move,254184,3
664,417,512,Move,254184,3
666,428,512,Move,254200,3
666,428,512,Move,254200,3
671,435,512,Move,254208,3
671,435,512,Move,254208,3
671,435,512,Move,254208,3
671,449,512,Move,254216,3
671,449,512,Move,254216,3
672,453,512,Move,254224,3
672,453,512,Move,254224,3
672,454,512,Move,254232,3
672,454,512,Move,254232,3
672,455,512,Move,254240,3
672,455,512,Move,254240,3
672,456,512,Move,254248,3
672,456,512,Move,254248,3
672,460,512,Move,254256,3
672,460,512,Move,254256,3
672,464,512,Move,254264,3
672,464,512,Move,254264,3
672,466,512,Move,254272,3
672,466,512,Move,254272,3
672,464,512,Move,254424,3
672,464,512,Move,254424,3
672,462,512,Move,254432,3
672,462,512,Move,254432,3
672,459,512,Move,254440,3
672,459,512,Move,254440,3
670,460,512,Move,254680,3
670,460,512,Move,254680,3
668,460,512,Move,254696,3
668,460,512,Move,254696,3
667,460,512,Move,254704,3
667,460,512,Move,254704,3
666,460,512,Move,254736,3
666,460,512,Move,254736,3
667,461,512,Move,254896,3
667,461,512,Move,254896,3
671,462,512,Move,254904,3
671,462,512,Move,254904,3
677,467,512,Move,254912,3
677,467,512,Move,254912,3
684,470,512,Move,254920,3
684,470,512,Move,254920,3
685,473,512,Move,254928,3
685,473,512,Move,254928,3
690,476,512,Move,254936,3
690,476,512,Move,254936,3
694,480,512,Move,254944,3
694,480,512,Move,254944,3
703,484,512,Move,254952,3
703,484,512,Move,254952,3
712,488,512,Move,254960,3
712,488,512,Move,254960,3
715,492,512,Move,254968,3
715,492,512,Move,254968,3
716,492,512,Move,254984,3
716,492,512,Move,254984,3
719,493,512,Move,254992,3
719,493,512,Move,254992,3
725,496,512,Move,255000,3
725,496,512,Move,255000,3
727,499,512,Move,255008,3
727,499,512,Move,255008,3
733,502,512,Move,255016,3
733,502,512,Move,255016,3
736,502,512,Move,255024,3
736,502,512,Move,255024,3
740,506,512,Move,255032,3
740,506,512,Move,255032,3
743,509,512,Move,255040,3
743,509,512,Move,255040,3
746,512,512,Move,255048,3
746,512,512,Move,255048,3
747,515,512,Move,255056,3
747,515,512,Move,255056,3
752,518,512,Move,255064,3
752,518,512,Move,255064,3
753,519,512,Move,255072,3
753,519,512,Move,255072,3
755,523,512,Move,255080,3
755,523,512,Move,255080,3
758,524,512,Move,255088,3
758,524,512,Move,255088,3
760,527,512,Move,255096,3
760,527,512,Move,255096,3
761,528,512,Move,255104,3
761,528,512,Move,255104,3
762,528,512,Move,255136,3
762,528,512,Move,255136,3
763,529,512,Move,255144,3
763,529,512,Move,255144,3
764,529,512,Move,255152,3
764,529,512,Move,255152,3
765,529,512,Move,255160,3
765,529,512,Move,255160,3
766,530,512,Move,255168,3
766,530,512,Move,255168,3
768,530,512,Move,255176,3
768,530,512,Move,255176,3
769,530,512,Move,255184,3
769,530,512,Move,255184,3
770,531,512,Move,255192,3
770,531,512,Move,255192,3
771,531,512,Move,255200,3
771,531,512,Move,255200,3
773,531,512,Move,255208,3
773,531,512,Move,255208,3
775,531,512,Move,255216,3
775,531,512,Move,255216,3
776,531,512,Move,255232,3
776,531,512,Move,255232,3
780,531,512,Move,255240,3
780,531,512,Move,255240,3
781,531,512,Move,255248,3
781,531,512,Move,255248,3
784,531,512,Move,255256,3
784,531,512,Move,255256,3
787,531,512,Move,255264,3
787,531,512,Move,255264,3
790,531,512,Move,255280,3
790,531,512,Move,255280,3
794,529,512,Move,255288,3
794,529,512,Move,255288,3
795,529,512,Move,255296,3
795,529,512,Move,255296,3
796,529,512,Move,255320,3
796,529,512,Move,255320,3
797,529,512,Move,255328,3
797,529,512,Move,255328,3
799,529,512,Move,255336,3
799,529,512,Move,255336,3
800,529,512,Move,255360,3
800,529,512,Move,255360,3
802,529,512,Move,255368,3
802,529,512,Move,255368,3
803,529,512,Move,255376,3
803,529,512,Move,255376,3
804,529,512,Move,255504,3
804,529,512,Move,255504,3
806,529,512,Move,255520,3
806,529,512,Move,255520,3
807,529,512,Move,255560,3
807,529,512,Move,255560,3
809,529,512,Move,255632,3
809,529,512,Move,255632,3
810,529,512,Move,255640,3
810,529,512,Move,255640,3
810,530,512,Move,255648,3
810,530,512,Move,255648,3
811,531,512,Move,255656,3
811,531,512,Move,255656,3
811,532,512,Move,255664,3
811,532,512,Move,255664,3
812,533,512,Move,255672,3
812,533,512,Move,255672,3
812,534,512,Move,255680,3
812,534,512,Move,255680,3
813,535,512,Move,255688,3
813,535,512,Move,255688,3
813,536,512,Move,255696,3
813,536,512,Move,255696,3
813,538,512,Move,255712,3
813,538,512,Move,255712,3
811,539,512,Move,255728,3
811,539,512,Move,255728,3
811,540,512,Move,255736,3
811,540,512,Move,255736,3
811,541,512,Move,255744,3
811,541,512,Move,255744,3
811,542,512,Move,255752,3
811,542,512,Move,255752,3
809,545,512,Move,255760,3
809,545,512,Move,255760,3
809,545,512,Move,255760,3
809,546,512,Move,255768,3
809,546,512,Move,255768,3
807,547,512,Move,255776,3
807,547,512,Move,255776,3
806,549,512,Move,255784,3
806,549,512,Move,255784,3
805,552,512,Move,255792,3
805,552,512,Move,255792,3
803,557,160,Move,255800,3
803,557,160,Move,255800,3
803,557,160,Move,255800,3
802,558,160,Move,255808,3
802,558,160,Move,255808,3
802,560,160,Move,255840,3
802,560,160,Move,255840,3
803,565,512,Move,255848,3
803,565,512,Move,255848,3
808,571,512,Move,255856,3
808,571,512,Move,255856,3
808,574,512,Move,255864,3
808,574,512,Move,255864,3
812,580,512,Move,255872,3
812,580,512,Move,255872,3
814,583,512,Move,255880,3
814,583,512,Move,255880,3
817,584,512,Move,255888,3
817,584,512,Move,255888,3
827,592,160,Move,255896,3
827,592,160,Move,255896,3
827,592,160,Move,255896,3
836,595,512,Move,255904,0
842,595,512,Move,255911,0
861,595,512,Move,255919,0
865,595,512,Move,255927,0
880,596,512,Move,255935,0
894,598,512,Move,255943,0
900,600,512,Move,255951,0
904,600,512,Move,255959,0
909,600,512,Move,255967,0
910,598,512,Move,256048,0
910,597,512,Move,256055,0
911,595,512,Move,256063,0
912,594,160,Move,256072,3
912,594,160,Move,256072,3
914,592,160,Move,256080,3
914,592,160,Move,256080,3
916,590,160,Move,256088,3
916,590,160,Move,256088,3
917,588,512,Move,256096,3
917,588,512,Move,256096,3
918,587,512,Move,256104,3
918,587,512,Move,256104,3
918,586,512,Move,256112,3
918,586,512,Move,256112,3
919,586,512,Move,256120,3
919,586,512,Move,256120,3
920,584,512,Move,256240,3
920,584,512,Move,256240,3
921,584,512,Move,256256,3
921,584,512,Move,256256,3
922,582,512,Move,256272,3
922,582,512,Move,256272,3
923,582,512,Move,256288,3
923,582,512,Move,256288,3
924,582,512,Move,256328,3
924,582,512,Move,256328,3
924,580,512,Move,256336,3
924,580,512,Move,256336,3
925,580,512,Move,256344,3
925,580,512,Move,256344,3
926,580,512,Move,256360,3
926,580,512,Move,256360,3
927,580,512,Move,256368,3
927,580,512,Move,256368,3
927,580,513,Pressed,256408,3
927,580,513,Pressed,256408,3
927,580,514,Released,256496,3
927,580,514,Released,256496,3
927,580,160,Move,256534,3
927,580,160,Move,256535,3
927,580,160,Move,256535,3
925,580,160,Move,256568,3
925,580,160,Move,256568,3
922,580,160,Move,256576,3
922,580,160,Move,256576,3
917,581,160,Move,256584,3
917,581,160,Move,256584,3
911,582,160,Move,256592,3
911,582,160,Move,256592,3
912,579,160,Move,256600,3
912,579,160,Move,256600,3
909,579,160,Move,256632,3
909,579,160,Move,256632,3
908,579,160,Move,256664,3
908,579,160,Move,256664,3
901,579,512,Move,256672,3
901,579,512,Move,256672,3
892,577,512,Move,256680,3
892,577,512,Move,256680,3
884,577,512,Move,256688,3
884,577,512,Move,256688,3
878,575,512,Move,256696,3
878,575,512,Move,256696,3
877,575,512,Move,256704,3
877,575,512,Move,256704,3
871,575,512,Move,256728,3
871,575,512,Move,256728,3
865,575,512,Move,256736,3
865,575,512,Move,256736,3
857,575,512,Move,256744,3
857,575,512,Move,256744,3
851,573,512,Move,256752,3
851,573,512,Move,256752,3
845,573,512,Move,256760,3
845,573,512,Move,256760,3
837,573,512,Move,256768,3
837,573,512,Move,256768,3
835,573,160,Move,256776,3
835,573,160,Move,256776,3
835,573,160,Move,256776,3
834,573,160,Move,256800,3
834,573,160,Move,256800,3
832,573,160,Move,256824,3
832,573,160,Move,256824,3
831,573,160,Move,256984,3
831,573,160,Move,256984,3
829,574,160,Move,257000,3
829,574,160,Move,257000,3
826,574,512,Move,257016,3
826,574,512,Move,257016,3
824,574,512,Move,257032,3
824,574,512,Move,257032,3
822,575,512,Move,257040,3
822,575,512,Move,257040,3
821,575,512,Move,257048,3
821,575,512,Move,257048,3
820,575,512,Move,257056,3
820,575,512,Move,257056,3
819,575,512,Move,257072,3
819,575,512,Move,257072,3
818,575,512,Move,257080,3
818,575,512,Move,257080,3
817,575,512,Move,257096,3
817,575,512,Move,257096,3
816,575,512,Move,257112,3
816,575,512,Move,257112,3
815,575,512,Move,257120,3
815,575,512,Move,257120,3
813,573,512,Move,257128,3
813,573,512,Move,257128,3
812,573,512,Move,257136,3
812,573,512,Move,257136,3
808,573,512,Move,257152,3
808,573,512,Move,257152,3
807,573,512,Move,257160,3
807,573,512,Move,257160,3
805,573,512,Move,257168,3
805,573,512,Move,257168,3
802,573,512,Move,257176,3
802,573,512,Move,257176,3
801,573,512,Move,257184,3
801,573,512,Move,257184,3
799,573,512,Move,257192,3
799,573,512,Move,257192,3
796,573,512,Move,257200,3
796,573,512,Move,257200,3
795,573,512,Move,257208,3
795,573,512,Move,257208,3
794,573,512,Move,257216,3
794,573,512,Move,257216,3
793,573,512,Move,257224,3
793,573,512,Move,257224,3
790,573,512,Move,257232,3
790,573,512,Move,257232,3
788,573,512,Move,257240,3
788,573,512,Move,257240,3
787,573,512,Move,257248,3
787,573,512,Move,257248,3
787,573,513,Pressed,257328,3
787,573,513,Pressed,257328,3
787,573,514,Released,257392,3
787,573,514,Released,257392,3
787,573,160,Move,257500,3
787,573,160,Move,257500,3
787,570,160,Move,257928,3
787,570,160,Move,257928,3
790,560,160,Move,257936,3
790,560,160,Move,257936,3
794,543,512,Move,257944,3
794,543,512,Move,257944,3
796,537,512,Move,257968,3
796,537,512,Move,257968,3
800,507,512,Move,257976,3
800,507,512,Move,257976,3
800,507,512,Move,257976,3
800,436,512,Move,257984,3
800,436,512,Move,257984,3
800,436,512,Move,257984,3
800,252,512,Move,258004,3
800,252,512,Move,258004,3
852,93,512,Move,258025,3
852,93,512,Move,258026,3
852,93,512,Move,258027,3
889,25,512,Move,258032,0
915,0,512,Move,258039,0
924,0,512,Move,258048,0
931,0,512,Move,258056,0
954,0,512,Move,258063,0
980,0,512,Move,258071,0
992,0,512,Move,258079,0
1000,0,512,Move,258087,0
1012,0,512,Move,258095,0
1016,0,512,Move,258103,0
1021,0,512,Move,258111,0
1022,0,512,Move,258143,0
1022,1,512,Move,258239,0
1020,3,512,Move,258247,0
1019,4,512,Move,258255,0
1019,7,512,Move,258263,0
1019,8,512,Move,258279,0
1017,12,512,Move,258287,0
1016,16,512,Move,258295,0
1011,18,512,Move,258303,0
1009,19,512,Move,258311,0
1006,22,512,Move,258319,0
1001,23,512,Move,258327,0
997,25,512,Move,258343,0
994,26,512,Move,258351,0
994,27,512,Move,258359,0
992,27,512,Move,258391,0
991,29,512,Move,258511,0
991,30,512,Move,258519,0
989,33,512,Move,258543,0
986,39,512,Move,258551,0
985,42,512,Move,258559,0
980,48,512,Move,258567,0
974,58,512,Move,258575,0
973,60,512,Move,258583,0
973,62,160,Move,258608,3
973,62,160,Move,258608,3
971,63,160,Move,258624,3
971,63,160,Move,258624,3
970,63,160,Move,258664,3
970,63,160,Move,258664,3
969,63,512,Move,258680,3
969,63,512,Move,258680,3
968,63,512,Move,258696,3
968,63,512,Move,258696,3
967,63,512,Move,258704,3
967,63,512,Move,258704,3
967,64,512,Move,258720,3
967,64,512,Move,258720,3
965,64,512,Move,258728,3
965,64,512,Move,258728,3
964,64,512,Move,258768,3
964,64,512,Move,258768,3
963,65,512,Move,258776,3
963,65,512,Move,258776,3
963,66,512,Move,258784,3
963,66,512,Move,258784,3
961,66,512,Move,258792,3
961,66,512,Move,258792,3
961,67,512,Move,258800,3
961,67,512,Move,258800,3
959,68,512,Move,258808,3
959,68,512,Move,258808,3
957,69,512,Move,258816,3
957,69,512,Move,258816,3
957,70,512,Move,258824,3
957,70,512,Move,258824,3
955,70,512,Move,258832,3
955,70,512,Move,258832,3
955,71,512,Move,258848,3
955,71,512,Move,258848,3
955,72,512,Move,258856,3
955,72,512,Move,258856,3
953,76,512,Move,258872,3
953,76,512,Move,258872,3
952,77,512,Move,258880,3
952,77,512,Move,258880,3
952,78,512,Move,258904,3
952,78,512,Move,258904,3
952,78,513,Pressed,258968,3
952,78,513,Pressed,258968,3
952,78,514,Released,259040,3
952,78,514,Released,259040,3
931,413,512,Move,261786,0
931,413,512,Move,261788,0
931,415,512,Move,262247,0
934,422,512,Move,262255,0
934,426,512,Move,262263,0
934,429,512,Move,262271,0
931,430,512,Move,262295,0
928,434,512,Move,262303,0
925,439,512,Move,262311,0
920,443,512,Move,262319,0
919,445,512,Move,262327,0
918,447,512,Move,262359,0
913,450,512,Move,262367,0
908,457,512,Move,262375,0
904,458,512,Move,262383,0
899,465,512,Move,262391,0
898,466,512,Move,262399,0
898,467,512,Move,262407,0
899,467,512,Move,262687,0
899,468,512,Move,262695,0
899,469,512,Move,262703,0
899,470,512,Move,262711,0
899,474,512,Move,262719,0
900,480,512,Move,262727,0
902,496,512,Move,262735,0
902,515,512,Move,262743,0
902,528,512,Move,262751,0
902,542,512,Move,262759,0
902,563,512,Move,262767,0
903,572,512,Move,262775,0
905,588,512,Move,262783,0
905,592,512,Move,262791,0
908,599,512,Move,262807,0
909,600,512,Move,262815,0
914,616,512,Move,262823,0
922,631,512,Move,262831,0
922,635,512,Move,262911,0
922,638,512,Move,262919,0
923,638,512,Move,263271,0
924,636,512,Move,263279,0
937,628,512,Move,263287,0
940,627,512,Move,263295,0
942,627,512,Move,263303,0
953,623,512,Move,263311,0
981,611,512,Move,263319,0
1008,607,512,Move,263327,0
1023,602,512,Move,263335,0
1023,600,512,Move,263343,0
1021,600,512,Move,263503,0
1010,604,512,Move,263535,0
1006,604,512,Move,263543,0
991,605,512,Move,263551,0
987,607,512,Move,263559,0
972,610,512,Move,263575,0
961,614,512,Move,263583,0
946,620,512,Move,263591,0
935,622,512,Move,263599,0
913,629,512,Move,263607,0
909,629,512,Move,263623,0
892,630,512,Move,263631,0
870,637,512,Move,263639,0
851,643,512,Move,263647,0
849,643,512,Move,263655,0
844,644,512,Move,263663,0
834,647,512,Move,263671,0
829,649,512,Move,263687,0
825,650,512,Move,263695,0
816,654,512,Move,264127,0
802,660,512,Move,264135,0
790,666,512,Move,264143,0
771,668,512,Move,264159,0
752,677,512,Move,264167,0
737,685,512,Move,264175,0
731,688,512,Move,264183,0
721,694,512,Move,264191,0
714,699,512,Move,264199,0
709,699,512,Move,264207,0
704,700,512,Move,264215,0
703,701,512,Move,264223,0
697,704,512,Move,264231,0
693,704,512,Move,264239,0
692,704,512,Move,264247,0
691,704,512,Move,264263,0
688,705,512,Move,264463,0
684,706,512,Move,264479,0
676,708,512,Move,264487,0
671,709,512,Move,264495,0
665,711,512,Move,264503,0
663,711,512,Move,264511,0
662,711,512,Move,264575,0
663,712,512,Move,265535,0
671,712,512,Move,265543,0
674,712,512,Move,265551,0
680,712,512,Move,265559,0
688,710,512,Move,265567,0
693,710,512,Move,265575,0
695,710,512,Move,265583,0
698,710,512,Move,265591,0
698,708,512,Move,265631,0
696,708,512,Move,265687,0
698,705,512,Move,266031,0
706,705,512,Move,266039,0
717,705,512,Move,266047,0
733,707,512,Move,266055,0
752,711,512,Move,266063,0
755,714,512,Move,266071,0
772,719,512,Move,266079,0
779,725,512,Move,266087,0
794,733,512,Move,266095,0
800,736,512,Move,266103,0
803,739,160,Move,266111,0
807,740,160,Move,266119,0
818,748,160,Move,266127,0
825,751,160,Move,266135,0
831,751,160,Move,266143,0
839,754,512,Move,266151,0
839,754,512,Move,266152,0
844,754,512,Move,266159,0
850,755,512,Move,266167,0
856,755,512,Move,266175,0
862,755,160,Move,266183,0
870,755,512,Move,266191,0
878,756,512,Move,266199,0
881,756,512,Move,266207,0
882,756,512,Move,266239,0
883,756,512,Move,266279,0
884,756,512,Move,266287,0
887,756,512,Move,266295,0
888,756,512,Move,266311,0
889,754,512,Move,266327,0
890,754,512,Move,266335,0
890,752,512,Move,266343,0
890,751,512,Move,266375,0
890,749,512,Move,266383,0
890,748,512,Move,266391,0
890,747,512,Move,266399,0
891,745,512,Move,266415,0
892,744,512,Move,266423,0
893,744,512,Move,266431,0
894,744,512,Move,266439,0
895,744,512,Move,266479,0
896,744,512,Move,266487,0
897,744,512,Move,266495,0
899,744,512,Move,266527,0
900,744,512,Move,266543,0
900,742,512,Move,266575,0
900,743,512,Move,266591,0
900,744,512,Move,266599,0
900,745,512,Move,266607,0
900,746,512,Move,266615,0
900,748,512,Move,266623,0
900,750,512,Move,266631,0
900,750,512,Move,266634,0
900,751,512,Move,266639,0
900,752,512,Move,266647,0
900,754,512,Move,266655,0
901,754,512,Move,266871,0
902,754,512,Move,266887,0
903,754,512,Move,266903,0
903,754,512,Move,266904,0
904,754,512,Move,266919,0
905,754,512,Move,266943,0
905,754,512,Move,266977,0
905,754,513,Pressed,267247,0
905,754,512,Move,267250,0
905,754,514,Released,267343,0
905,754,512,Move,267344,0
905,754,513,Pressed,267431,0
905,754,514,Released,267527,0
905,754,512,Move,267528,0
906,754,512,Move,267903,0
907,754,512,Move,267911,0
909,754,512,Move,267919,0
910,754,512,Move,267927,0
911,754,512,Move,267943,0
912,752,512,Move,267959,0
912,752,512,Move,267966,0
912,752,512,Move,267966,0
913,752,512,Move,267967,0
913,752,512,Move,267970,0
913,752,512,Move,267974,0
914,752,512,Move,267975,0
915,752,512,Move,267991,0
917,752,512,Move,268007,0
914,752,512,Move,268295,0
911,750,512,Move,268303,0
906,744,512,Move,268311,0
902,741,512,Move,268319,0
897,738,512,Move,268335,0
886,728,512,Move,268343,0
885,727,512,Move,268351,0
868,717,512,Move,268359,0
826,688,512,Move,268375,0
808,670,512,Move,268383,0
790,655,512,Move,268391,0
763,630,512,Move,268399,0
739,601,512,Move,268407,0
718,573,512,Move,268415,0
703,555,512,Move,268423,0
700,551,512,Move,268431,0
689,537,512,Move,268439,0
689,536,512,Move,268447,0
686,536,512,Move,268463,0
681,531,512,Move,268471,0
677,528,512,Move,268479,0
676,527,512,Move,268487,0
673,527,512,Move,268535,0
669,527,512,Move,268559,0
667,527,512,Move,268567,0
665,527,512,Move,268575,0
664,527,512,Move,268583,0
663,527,512,Move,268599,0
662,527,512,Move,268655,0
660,525,512,Move,268663,0
658,525,512,Move,268671,0
657,522,512,Move,268679,0
657,518,512,Move,268687,0
657,517,512,Move,268695,0
655,509,160,Move,268703,3
655,509,160,Move,268704,3
655,499,512,Move,268711,3
655,499,512,Move,268712,3
653,485,512,Move,268727,3
653,485,512,Move,268728,3
653,464,160,Move,268735,3
653,464,160,Move,268736,3
653,464,160,Move,268736,3
651,457,160,Move,268743,3
651,457,160,Move,268744,3
649,451,160,Move,268759,3
649,451,160,Move,268760,3
645,432,512,Move,268767,3
645,432,512,Move,268768,3
642,423,512,Move,268775,3
642,423,512,Move,268776,3
642,420,512,Move,268791,3
642,420,512,Move,268792,3
638,412,160,Move,268799,3
638,412,160,Move,268800,3
638,412,160,Move,268800,3
637,406,160,Move,268807,3
637,406,160,Move,268808,3
635,397,160,Move,268815,3
635,397,160,Move,268816,3
633,393,160,Move,268823,3
633,393,160,Move,268824,3
632,392,160,Move,268831,3
632,392,160,Move,268832,3
631,393,160,Move,268935,3
631,393,160,Move,268936,3
630,393,160,Move,268951,3
630,393,160,Move,268952,3
630,394,160,Move,268983,3
630,394,160,Move,268984,3
630,394,161,Pressed,269359,3
630,394,161,Pressed,269360,3
630,394,514,Released,269455,3
630,394,160,Move,269456,3
630,394,160,Move,269456,3
628,394,512,Move,269655,3
628,394,512,Move,269656,3
626,395,512,Move,269663,3
626,395,512,Move,269664,3
623,396,512,Move,269671,3
623,396,512,Move,269672,3
622,396,512,Move,269679,3
622,396,512,Move,269680,3
622,397,512,Move,269687,3
622,397,512,Move,269688,3
620,397,512,Move,269719,3
620,397,512,Move,269720,3
619,397,512,Move,269799,3
619,397,512,Move,269800,3
618,397,512,Move,269815,3
618,397,512,Move,269816,3
617,397,512,Move,269831,3
617,397,512,Move,269832,3
617,397,513,Pressed,269919,3
617,397,513,Pressed,269920,3
617,397,512,Move,269921,3
617,397,512,Move,269922,3
617,397,514,Released,270015,3
617,397,514,Released,270016,3
617,397,512,Move,270016,3
617,397,512,Move,270016,3
615,397,512,Move,270591,3
615,397,512,Move,270592,3
610,397,512,Move,270599,3
610,397,512,Move,270600,3
604,397,512,Move,270607,3
604,397,512,Move,270608,3
604,397,512,Move,270608,3
600,397,512,Move,270615,3
600,397,512,Move,270615,3
597,397,512,Move,270623,3
597,397,512,Move,270623,3
591,397,512,Move,270631,3
591,397,512,Move,270631,3
587,395,512,Move,270639,3
587,395,512,Move,270639,3
581,395,512,Move,270647,3
581,395,512,Move,270647,3
577,395,512,Move,270655,3
577,395,512,Move,270655,3
573,395,512,Move,270663,3
573,395,512,Move,270663,3
570,395,512,Move,270671,3
570,395,512,Move,270671,3
567,393,512,Move,270679,3
567,393,512,Move,270679,3
566,393,512,Move,270695,3
566,393,512,Move,270695,3
565,393,512,Move,270703,3
565,393,512,Move,270703,3
565,391,512,Move,270711,3
565,391,512,Move,270711,3
563,391,512,Move,270735,3
563,391,512,Move,270735,3
562,391,512,Move,270767,3
562,391,512,Move,270768,3
562,391,513,Pressed,270863,3
562,391,513,Pressed,270864,3
562,391,512,Move,270864,3
562,391,512,Move,270865,3
562,391,514,Released,270967,3
562,391,514,Released,270968,3
562,391,512,Move,270968,3
562,391,512,Move,270968,3
562,391,512,Move,272627,3
562,391,512,Move,272627,3
562,391,512,Move,272684,3
562,391,512,Move,272684,3
562,391,512,Move,272684,3
562,391,512,Move,272684,3
562,391,512,Move,272686,3
562,391,512,Move,272686,3
562,391,512,Move,272686,3
562,391,512,Move,272686,3
562,391,512,Move,272687,3
562,391,512,Move,272687,3
562,391,512,Move,272689,3
562,391,512,Move,272689,3
562,391,512,Move,272691,3
562,391,512,Move,272691,3
562,391,512,Move,272692,3
562,391,512,Move,272692,3
562,391,512,Move,272693,3
562,391,512,Move,272694,3
562,391,512,Move,272716,3
562,391,512,Move,272716,3
562,391,512,Move,272716,3
562,391,512,Move,272717,3
562,391,512,Move,272719,3
562,391,512,Move,272719,3
562,391,512,Move,272719,3
562,391,512,Move,272719,3
562,391,512,Move,272720,3
562,391,512,Move,272720,3
562,391,512,Move,272722,3
562,391,512,Move,272722,3
562,391,512,Move,272723,3
562,391,512,Move,272723,3
562,391,512,Move,272724,3
562,391,512,Move,272724,3
562,392,512,Move,273703,3
562,392,512,Move,273703,3
563,394,512,Move,273711,3
563,394,512,Move,273711,3
563,398,512,Move,273719,3
563,398,512,Move,273719,3
564,401,512,Move,273727,3
564,401,512,Move,273727,3
564,401,512,Move,273728,3
564,401,512,Move,273729,3
564,404,512,Move,273735,3
564,404,512,Move,273736,3
564,404,512,Move,273736,3
562,406,512,Move,274095,3
562,406,512,Move,274096,3
558,409,160,Move,274103,3
558,409,160,Move,274104,3
558,409,160,Move,274104,3
556,412,160,Move,274263,3
556,412,160,Move,274264,3
556,413,160,Move,274295,3
556,413,160,Move,274295,3
556,414,512,Move,274351,3
556,414,512,Move,274351,3
556,416,512,Move,274359,3
556,416,512,Move,274359,3
556,416,512,Move,274360,3
556,417,512,Move,274367,3
556,417,512,Move,274367,3
554,419,512,Move,274375,3
554,419,512,Move,274375,3
554,420,512,Move,274383,3
554,420,512,Move,274383,3
554,423,512,Move,274391,3
554,423,512,Move,274391,3
554,424,512,Move,274399,3
554,424,512,Move,274399,3
554,426,512,Move,274407,3
554,426,512,Move,274407,3
554,427,512,Move,274415,3
554,427,512,Move,274415,3
554,429,512,Move,274423,3
554,429,512,Move,274423,3
554,429,513,Pressed,274575,3
554,429,513,Pressed,274575,3
554,429,514,Released,274703,3
554,429,514,Released,274703,3
554,429,512,Move,275328,3
554,429,512,Move,275328,3
554,429,512,Move,275482,3
554,429,512,Move,275482,3
554,429,512,Move,276140,3
554,429,512,Move,276140,3
554,429,512,Move,276314,3
554,429,512,Move,276314,3
559,429,512,Move,279983,3
559,429,512,Move,279983,3
563,429,512,Move,279991,3
563,429,512,Move,279991,3
566,431,512,Move,279999,3
566,431,512,Move,279999,3
570,433,512,Move,280007,3
570,433,512,Move,280007,3
570,437,512,Move,280015,3
570,437,512,Move,280015,3
570,438,512,Move,280023,3
570,438,512,Move,280023,3
570,439,512,Move,280039,3
570,439,512,Move,280039,3
570,440,512,Move,280047,3
570,440,512,Move,280047,3
570,440,512,Move,280048,3
571,440,512,Move,280055,3
571,440,512,Move,280055,3
571,441,512,Move,280063,3
571,441,512,Move,280063,3
572,442,160,Move,280071,3
572,442,160,Move,280071,3
572,442,160,Move,280072,3
573,444,160,Move,280079,3
573,444,160,Move,280079,3
574,445,160,Move,280087,3
574,445,160,Move,280087,3
574,447,160,Move,280327,3
574,447,160,Move,280327,3
576,447,160,Move,280335,3
576,447,160,Move,280335,3
577,447,160,Move,280343,3
577,447,160,Move,280343,3
578,447,160,Move,280351,3
578,447,160,Move,280351,3
579,447,160,Move,280359,3
579,447,160,Move,280359,3
579,448,512,Move,280599,3
579,448,512,Move,280599,3
579,449,512,Move,280607,3
579,449,512,Move,280607,3
579,450,512,Move,280639,3
579,450,512,Move,280639,3
579,450,513,Pressed,280839,3
579,450,513,Pressed,280839,3
579,450,514,Released,280927,3
579,450,514,Released,280927,3
579,450,512,Move,280928,3
579,450,512,Move,280928,3
580,452,512,Move,281015,3
580,452,512,Move,281015,3
586,457,512,Move,281031,3
586,457,512,Move,281031,3
589,462,512,Move,281039,3
589,462,512,Move,281039,3
590,463,512,Move,281079,3
590,463,512,Move,281079,3
590,464,160,Move,281087,3
590,464,160,Move,281087,3
590,464,160,Move,281088,3
591,464,160,Move,281095,3
591,464,160,Move,281095,3
591,465,160,Move,281175,3
591,465,160,Move,281175,3
591,466,160,Move,281183,3
591,466,160,Move,281183,3
592,467,160,Move,281191,3
592,467,160,Move,281191,3
593,469,160,Move,281199,3
593,469,160,Move,281199,3
594,474,160,Move,281207,3
594,474,160,Move,281207,3
597,475,160,Move,281215,3
597,475,160,Move,281215,3
598,478,160,Move,281223,3
598,478,160,Move,281223,3
600,481,160,Move,281231,3
600,481,160,Move,281231,3
601,482,160,Move,281239,3
601,482,160,Move,281239,3
601,483,160,Move,281263,3
601,483,160,Move,281263,3
601,484,512,Move,281271,3
601,484,512,Move,281271,3
602,485,512,Move,281279,3
602,485,512,Move,281279,3
603,488,512,Move,281287,3
603,488,512,Move,281287,3
606,489,512,Move,281295,3
606,489,512,Move,281295,3
607,492,512,Move,281303,3
607,492,512,Move,281303,3
607,494,512,Move,281351,3
607,494,512,Move,281351,3
607,497,512,Move,281359,3
607,497,512,Move,281359,3
608,498,512,Move,281367,3
608,498,512,Move,281367,3
608,499,512,Move,281375,3
608,499,512,Move,281375,3
609,500,512,Move,281391,3
609,500,512,Move,281391,3
609,498,512,Move,281479,3
609,498,512,Move,281479,3
609,498,513,Pressed,281519,3
609,498,513,Pressed,281519,3
609,498,514,Released,281591,3
609,498,514,Released,281591,3
609,498,512,Move,281697,0
609,498,512,Move,281698,0
609,496,512,Move,282135,0
610,492,512,Move,282143,0
610,492,512,Move,282149,0
610,490,512,Move,282159,0
610,489,512,Move,282167,0
608,488,512,Move,282191,0
601,482,512,Move,282199,0
586,474,512,Move,282207,0
582,471,512,Move,282215,0
582,471,512,Move,282425,0
582,471,512,Move,282429,0
582,471,512,Move,282430,0
584,471,512,Move,282431,0
655,544,160,Move,282623,3
663,553,160,Move,282631,3
667,556,160,Move,282639,3
676,571,160,Move,282647,3
678,572,160,Move,282663,3
688,587,160,Move,282671,3
689,590,160,Move,282679,3
698,597,160,Move,282687,3
700,599,160,Move,282695,3
702,599,160,Move,282745,3
696,596,160,Move,282863,3
693,593,160,Move,282871,3
689,590,160,Move,282879,3
680,583,160,Move,282887,3
679,583,160,Move,282895,3
676,581,160,Move,282903,3
663,572,160,Move,282911,3
656,567,160,Move,282919,3
647,559,160,Move,282927,3
640,554,160,Move,282935,3
620,541,160,Move,282943,3
450,433,512,Move,284512,0
450,433,512,Move,284517,0
447,431,512,Move,285103,0
448,432,512,Move,286519,0
453,434,512,Move,286527,0
456,436,512,Move,286535,0
467,441,512,Move,286543,0
478,447,512,Move,286551,0
496,460,512,Move,286559,0
505,466,512,Move,286567,0
514,471,512,Move,286575,0
541,488,512,Move,286583,0
545,491,512,Move,286591,0
546,492,512,Move,286599,0
561,507,512,Move,286607,0
590,539,512,Move,286615,0
601,554,512,Move,286623,0
626,581,160,Move,286631,3
639,596,160,Move,286639,3
644,603,160,Move,286647,3
655,618,160,Move,286655,3
669,631,160,Move,286663,3
673,637,160,Move,286671,3
677,640,160,Move,286679,3
680,645,160,Move,286687,3
685,648,160,Move,286695,3
696,655,160,Move,286703,3
703,662,160,Move,286711,3
706,663,160,Move,286719,3
712,667,160,Move,286727,3
721,670,160,Move,286735,3
730,672,160,Move,286743,3
736,674,160,Move,286751,3
738,674,160,Move,286759,3
741,674,160,Move,286775,3
751,675,160,Move,286783,3
763,677,160,Move,286792,3
774,679,160,Move,286799,3
785,679,160,Move,286807,3
795,679,160,Move,286815,3
801,679,160,Move,286823,3
816,680,160,Move,286831,3
835,678,160,Move,286855,3
837,678,160,Move,286863,3
837,676,160,Move,287151,3
838,676,160,Move,287183,3
839,676,160,Move,287191,3
840,677,160,Move,287207,3
844,678,160,Move,287223,3
882,713,512,Move,287447,0
883,718,512,Move,287455,0
884,722,512,Move,287471,0
886,728,512,Move,287479,0
889,733,512,Move,287487,0
890,734,512,Move,287495,0
893,738,512,Move,287503,0
899,743,512,Move,287511,0
901,746,512,Move,287519,0
904,748,512,Move,287527,0
906,750,512,Move,287535,0
907,750,512,Move,287551,0
909,750,512,Move,287559,0
910,751,512,Move,287567,0
912,752,512,Move,287583,0
912,753,512,Move,287591,0
913,754,512,Move,287599,0
913,754,512,Move,287602,0
914,754,512,Move,287607,0
915,754,512,Move,287615,0
915,755,512,Move,287623,0
915,755,512,Move,291007,0
916,755,512,Move,299255,0
917,753,512,Move,299263,0
918,753,512,Move,299271,0
919,751,512,Move,299279,0
920,751,512,Move,299287,0
921,749,512,Move,299295,0
922,749,512,Move,299311,0
922,747,512,Move,299319,0
923,746,512,Move,299351,0
923,745,512,Move,299367,0
923,744,512,Move,299375,0
923,743,512,Move,299383,0
924,742,512,Move,299391,0
924,741,512,Move,299399,0
924,739,512,Move,299407,0
924,738,512,Move,299431,0
924,738,512,Move,299445,0
924,737,512,Move,299463,0
924,736,512,Move,299495,0
922,735,512,Move,299503,0
921,732,512,Move,299519,0
921,730,512,Move,299527,0
919,730,512,Move,299535,0
918,728,512,Move,299551,0
917,727,512,Move,299559,0
917,726,512,Move,299583,0
917,725,512,Move,299759,0
915,725,512,Move,299783,0
914,725,512,Move,299791,0
913,725,512,Move,299799,0
912,725,512,Move,299807,0
911,726,512,Move,299815,0
910,726,512,Move,299823,0
909,726,512,Move,299839,0
907,726,512,Move,299847,0
905,726,512,Move,299855,0
904,726,512,Move,299871,0
904,727,512,Move,300615,0
904,728,512,Move,300647,0
904,729,512,Move,300743,0
904,730,512,Move,300759,0
905,731,512,Move,300767,0
905,732,512,Move,300783,0
905,733,512,Move,300799,0
905,735,512,Move,300823,0
905,736,512,Move,300863,0
906,736,512,Move,300871,0
906,737,512,Move,301143,0
906,738,512,Move,301151,0
906,739,512,Move,301159,0
907,740,512,Move,301167,0
908,741,512,Move,301183,0
908,742,512,Move,301191,0
909,742,512,Move,301199,0
909,743,512,Move,301207,0
909,744,512,Move,301239,0
910,745,512,Move,301431,0
910,746,512,Move,301447,0
910,747,512,Move,301455,0
910,748,512,Move,301471,0
910,749,512,Move,301487,0
910,749,512,Move,301570,0
910,749,512,Move,304975,0
911,749,512,Move,311078,0
912,749,512,Move,311086,0
913,749,512,Move,311094,0
914,749,512,Move,311110,0
915,749,512,Move,311254,0
916,749,512,Move,311278,0
914,749,512,Move,311598,0
914,750,512,Move,311638,0
914,750,512,Move,311681,0
914,750,512,Move,311682,0
914,750,512,Move,311687,0
914,750,512,Move,311688,0
914,750,512,Move,311688,0
914,750,512,Move,311689,0
914,750,512,Move,311690,0
914,750,512,Move,311691,0
914,750,512,Move,311692,0
914,750,512,Move,311697,0
914,750,512,Move,311703,0
914,750,512,Move,311704,0
914,750,512,Move,311704,0
914,750,512,Move,311705,0
914,750,512,Move,311706,0
914,750,512,Move,311706,0
914,750,512,Move,311707,0
914,750,512,Move,311707,0
914,750,512,Move,311724,0
914,750,512,Move,311724,0
914,750,512,Move,311725,0
914,750,512,Move,311731,0
914,751,512,Move,311910,0
912,751,512,Move,311918,0
912,752,512,Move,311942,0
910,750,512,Move,312310,0
909,748,512,Move,312318,0
908,745,512,Move,312326,0
906,741,512,Move,312334,0
905,733,512,Move,312342,0
905,730,512,Move,312350,0
903,729,512,Move,312366,0
900,714,512,Move,312374,0
882,677,512,Move,312390,0
874,658,512,Move,312398,0
865,633,512,Move,312406,0
860,626,512,Move,312414,0
854,609,512,Move,312422,0
850,600,512,Move,312430,0
836,575,512,Move,312438,0
823,555,512,Move,312446,0
815,545,512,Move,312454,0
814,543,512,Move,312470,0
813,540,512,Move,312478,0
810,539,512,Move,312486,0
809,539,512,Move,312494,0
808,539,512,Move,312510,0
807,539,512,Move,312526,0
805,539,512,Move,312614,0
803,539,512,Move,312630,0
799,539,512,Move,312638,0
795,539,512,Move,312646,0
793,539,512,Move,312654,0
786,539,512,Move,312662,0
778,539,512,Move,312670,0
762,539,512,Move,312678,0
758,539,512,Move,312686,0
747,537,512,Move,312694,0
746,534,512,Move,312710,0
737,527,512,Move,312718,0
731,524,512,Move,312726,0
730,523,512,Move,312734,0
727,519,512,Move,312742,0
721,515,512,Move,312750,0
719,514,512,Move,312758,0
718,512,512,Move,312766,0
717,511,512,Move,312782,0
716,508,512,Move,312790,0
713,505,512,Move,312798,0
713,504,512,Move,312806,0
710,503,512,Move,312950,0
706,501,512,Move,312958,0
699,500,512,Move,312966,0
695,498,512,Move,312974,0
686,493,512,Move,312982,0
680,492,160,Move,312990,3
679,491,160,Move,312998,3
672,488,160,Move,313006,3
660,482,160,Move,313022,3
648,476,160,Move,313030,3
644,473,160,Move,313038,3
642,470,160,Move,313046,3
641,469,160,Move,313054,3
637,466,160,Move,313062,3
636,465,160,Move,313110,3
635,465,160,Move,313134,3
635,461,160,Move,313198,3
635,458,160,Move,313206,3
636,454,160,Move,313214,3
636,451,512,Move,313222,3
636,450,512,Move,313543,3
636,449,512,Move,313558,3
634,446,512,Move,313590,3
634,445,512,Move,313598,3
634,443,512,Move,313614,3
632,440,512,Move,313622,3
632,439,512,Move,313630,3
630,438,512,Move,313638,3
630,437,512,Move,313646,3
630,437,513,Pressed,313703,3
630,437,514,Released,313830,3
630,437,160,Move,313834,3
630,437,160,Move,313834,3
628,437,512,Move,314119,3
628,437,512,Move,314119,3
623,438,512,Move,314126,3
623,438,512,Move,314127,3
617,439,512,Move,314135,3
617,439,512,Move,314135,3
608,441,512,Move,314142,3
608,441,512,Move,314143,3
605,442,160,Move,314150,3
605,442,160,Move,314151,3
605,442,160,Move,314151,3
604,442,160,Move,314158,3
604,442,160,Move,314159,3
602,442,160,Move,314166,3
602,442,160,Move,314167,3
598,442,160,Move,314174,3
598,442,160,Move,314175,3
596,442,160,Move,314182,3
596,442,160,Move,314183,3
595,442,160,Move,314206,3
595,442,160,Move,314207,3
593,442,160,Move,314230,3
593,442,160,Move,314231,3
593,443,160,Move,314271,3
593,443,160,Move,314271,3
591,443,160,Move,314294,3
591,443,160,Move,314295,3
589,443,160,Move,314302,3
589,443,160,Move,314303,3
588,444,160,Move,314310,3
588,444,160,Move,314311,3
587,444,160,Move,314326,3
587,444,160,Move,314327,3
586,444,160,Move,314334,3
586,444,160,Move,314335,3
584,446,160,Move,314350,3
584,446,160,Move,314351,3
583,449,512,Move,314358,3
583,449,512,Move,314359,3
580,457,512,Move,314382,3
580,457,512,Move,314383,3
576,466,160,Move,314390,3
576,466,160,Move,314391,3
576,466,160,Move,314391,3
574,472,160,Move,314398,3
574,472,160,Move,314399,3
567,482,160,Move,314407,3
567,482,160,Move,314407,3
565,488,160,Move,314414,3
565,488,160,Move,314415,3
565,489,160,Move,314422,3
565,489,160,Move,314423,3
563,493,160,Move,314430,3
563,493,160,Move,314431,3
563,496,160,Move,314438,3
563,496,160,Move,314439,3
563,497,160,Move,314446,3
563,497,160,Move,314447,3
563,499,160,Move,314454,3
563,499,160,Move,314455,3
563,502,160,Move,314462,3
563,502,160,Move,314463,3
564,503,160,Move,314470,3
564,503,160,Move,314471,3
565,507,160,Move,314478,3
565,507,160,Move,314479,3
566,507,160,Move,314486,3
566,507,160,Move,314487,3
566,509,160,Move,314494,3
566,509,160,Move,314495,3
568,512,512,Move,314502,0
571,513,512,Move,314510,0
572,514,512,Move,314518,0
572,515,512,Move,314526,0
573,517,512,Move,314534,0
574,517,512,Move,314542,0
575,517,512,Move,314558,0
576,517,512,Move,314566,0
578,517,512,Move,314574,0
581,517,512,Move,314582,0
587,517,512,Move,314590,0
595,517,512,Move,314598,0
598,517,512,Move,314606,0
604,517,512,Move,314614,0
610,515,512,Move,314622,0
614,515,512,Move,314630,0
617,513,512,Move,314638,0
619,512,512,Move,314646,0
621,512,512,Move,314662,0
622,510,160,Move,314670,3
622,510,160,Move,314671,3
623,509,160,Move,314686,3
623,509,160,Move,314687,3
623,508,160,Move,314702,3
623,508,160,Move,314703,3
624,507,160,Move,314718,3
624,507,160,Move,314719,3
624,506,160,Move,314726,3
624,506,160,Move,314727,3
624,505,512,Move,314734,3
624,505,512,Move,314735,3
624,504,512,Move,314742,3
624,504,512,Move,314743,3
624,501,512,Move,314758,3
624,501,512,Move,314759,3
624,500,512,Move,314774,3
624,500,512,Move,314775,3
624,499,512,Move,314782,3
624,499,512,Move,314783,3
622,499,512,Move,314790,3
622,499,512,Move,314791,3
622,497,512,Move,314798,3
622,497,512,Move,314799,3
622,496,512,Move,314806,3
622,496,512,Move,314807,3
619,496,512,Move,314814,3
619,496,512,Move,314815,3
618,496,512,Move,314822,3
618,496,512,Move,314823,3
614,494,512,Move,314830,3
614,494,512,Move,314831,3
610,491,512,Move,314838,3
610,491,512,Move,314839,3
604,491,512,Move,314846,3
604,491,512,Move,314847,3
599,488,512,Move,314854,3
599,488,512,Move,314855,3
595,486,512,Move,314862,3
595,486,512,Move,314863,3
592,485,512,Move,314870,3
592,485,512,Move,314871,3
582,483,160,Move,314878,3
582,483,160,Move,314879,3
582,483,160,Move,314879,3
575,481,160,Move,314886,3
575,481,160,Move,314887,3
564,480,160,Move,314894,3
564,480,160,Move,314895,3
558,476,160,Move,314902,3
558,476,160,Move,314903,3
548,471,160,Move,314910,3
548,471,160,Move,314911,3
544,466,160,Move,314918,3
544,466,160,Move,314919,3
541,466,160,Move,314926,3
541,466,160,Move,314927,3
540,466,160,Move,314934,3
540,466,160,Move,314935,3
539,466,160,Move,314950,3
539,466,160,Move,314951,3
538,466,160,Move,314958,3
538,466,160,Move,314959,3
537,466,160,Move,315014,3
537,466,160,Move,315015,3
533,466,160,Move,315023,3
533,466,160,Move,315023,3
528,466,160,Move,315030,3
528,466,160,Move,315031,3
527,466,160,Move,315038,3
527,466,160,Move,315039,3
523,464,160,Move,315046,3
523,464,160,Move,315047,3
519,464,160,Move,315054,3
519,464,160,Move,315055,3
516,462,512,Move,315062,3
516,462,512,Move,315063,3
515,461,512,Move,315070,3
515,461,512,Move,315071,3
515,460,512,Move,315078,3
515,460,512,Move,315079,3
513,459,512,Move,315086,3
513,459,512,Move,315087,3
512,459,512,Move,315094,3
512,459,512,Move,315095,3
511,459,512,Move,315102,3
511,459,512,Move,315103,3
510,459,512,Move,315150,3
510,459,512,Move,315151,3
511,457,512,Move,315439,3
511,457,512,Move,315439,3
516,457,512,Move,315446,3
516,457,512,Move,315447,3
520,457,512,Move,315454,3
520,457,512,Move,315455,3
526,455,512,Move,315462,3
526,455,512,Move,315463,3
531,455,512,Move,315470,3
531,455,512,Move,315471,3
532,455,512,Move,315486,3
532,455,512,Move,315487,3
536,455,512,Move,315494,3
536,455,512,Move,315495,3
537,453,512,Move,315502,3
537,453,512,Move,315503,3
538,453,512,Move,315510,3
538,453,512,Move,315511,3
542,453,512,Move,315574,3
542,453,512,Move,315575,3
544,453,512,Move,315582,3
544,453,512,Move,315583,3
545,453,512,Move,315590,3
545,453,512,Move,315591,3
548,453,512,Move,315598,3
548,453,512,Move,315599,3
549,453,512,Move,315606,3
549,453,512,Move,315607,3
550,453,512,Move,315614,3
550,453,512,Move,315615,3
551,453,512,Move,315654,3
551,453,512,Move,315655,3
552,453,512,Move,315662,3
552,453,512,Move,315663,3
553,454,512,Move,315726,3
553,454,512,Move,315727,3
555,455,512,Move,315734,3
555,455,512,Move,315735,3
557,456,512,Move,315742,3
557,456,512,Move,315743,3
560,456,160,Move,315750,3
560,456,160,Move,315751,3
560,456,160,Move,315751,3
561,457,160,Move,315758,3
561,457,160,Move,315759,3
562,457,160,Move,315774,3
562,457,160,Move,315775,3
563,457,160,Move,315782,3
563,457,160,Move,315783,3
564,457,160,Move,316119,3
564,457,160,Move,316119,3
565,458,160,Move,316126,3
565,458,160,Move,316127,3
567,458,512,Move,316134,3
567,458,512,Move,316135,3
568,458,512,Move,316142,3
568,458,512,Move,316143,3
569,459,512,Move,316919,3
569,459,512,Move,316919,3
570,459,512,Move,316934,3
570,459,512,Move,316935,3
571,459,512,Move,316942,3
571,459,512,Move,316943,3
571,460,512,Move,316958,3
571,460,512,Move,316959,3
572,460,512,Move,316966,3
572,460,512,Move,316967,3
572,461,512,Move,316974,3
572,461,512,Move,316975,3
573,462,512,Move,317086,3
573,462,512,Move,317087,3
574,462,512,Move,317094,3
574,462,512,Move,317095,3
575,462,512,Move,317102,3
575,462,512,Move,317103,3
576,460,512,Move,317118,3
576,460,512,Move,317119,3
576,460,513,Pressed,317374,3
576,460,513,Pressed,317375,3
576,460,514,Released,317454,3
576,460,514,Released,317455,3
576,460,512,Move,317455,3
576,460,512,Move,317455,3
577,465,160,Move,317646,3
577,465,160,Move,317647,3
577,465,160,Move,317647,3
579,471,160,Move,317654,3
579,471,160,Move,317655,3
579,474,160,Move,317662,3
579,474,160,Move,317663,3
580,478,160,Move,317670,3
580,478,160,Move,317671,3
582,486,512,Move,317678,3
582,486,512,Move,317679,3
585,493,512,Move,317686,3
585,493,512,Move,317687,3
586,497,512,Move,317694,3
586,497,512,Move,317695,3
586,498,512,Move,317702,3
586,498,512,Move,317703,3
588,501,512,Move,317710,3
588,501,512,Move,317711,3
588,502,512,Move,317718,3
588,502,512,Move,317719,3
589,503,512,Move,317742,3
589,503,512,Move,317743,3
590,503,512,Move,317758,3
590,503,512,Move,317759,3
591,503,512,Move,317774,3
591,503,512,Move,317775,3
592,503,512,Move,317782,3
592,503,512,Move,317783,3
593,503,512,Move,317790,3
593,503,512,Move,317791,3
594,503,512,Move,317798,3
594,503,512,Move,317799,3
597,503,512,Move,317806,3
597,503,512,Move,317807,3
598,503,512,Move,317814,3
598,503,512,Move,317815,3
599,503,512,Move,317822,3
599,503,512,Move,317823,3
601,503,512,Move,317830,3
601,503,512,Move,317831,3
606,503,512,Move,317838,3
606,503,512,Move,317839,3
607,503,512,Move,317846,3
607,503,512,Move,317847,3
611,503,512,Move,317854,3
611,503,512,Move,317855,3
613,503,512,Move,317862,3
613,503,512,Move,317863,3
614,503,512,Move,317902,3
614,503,512,Move,317903,3
614,503,513,Pressed,318190,3
614,503,513,Pressed,318191,3
614,503,514,Released,318286,3
614,503,514,Released,318287,3
614,503,512,Move,318307,0
614,503,512,Move,318308,0
612,503,512,Move,319142,0
612,506,512,Move,319262,0
612,509,512,Move,319270,0
612,513,512,Move,319278,0
617,526,512,Move,319286,0
619,537,160,Move,319294,3
634,552,160,Move,319310,3
654,582,160,Move,319318,3
672,603,160,Move,319326,3
672,609,160,Move,319334,3
677,621,160,Move,319342,3
695,639,160,Move,319350,3
712,647,160,Move,319358,3
721,657,160,Move,319374,3
723,658,160,Move,319406,3
724,660,160,Move,319414,3
724,661,160,Move,319422,3
726,663,160,Move,319430,3
729,665,160,Move,319462,3
732,666,160,Move,319470,3
734,667,160,Move,319478,3
737,667,160,Move,319486,3
738,667,160,Move,319494,3
742,668,160,Move,319502,3
745,666,160,Move,319526,3
746,666,160,Move,319534,3
747,666,160,Move,319830,3
752,666,160,Move,319838,3
760,667,160,Move,319846,3
775,675,160,Move,319854,3
776,675,160,Move,319862,3
791,679,160,Move,319870,3
807,684,512,Move,319878,0
937,712,512,Move,319910,0
964,717,512,Move,319918,0
966,717,512,Move,319926,0
981,718,512,Move,319934,0
985,720,512,Move,319942,0
988,721,512,Move,319950,0
996,721,512,Move,319958,0
1000,721,512,Move,319966,0
1002,721,512,Move,319974,0
1000,721,512,Move,320054,0
995,722,512,Move,320062,0
989,722,512,Move,320070,0
988,719,512,Move,320078,0
985,719,512,Move,320086,0
792,656,160,Move,320134,3
781,650,160,Move,320142,3
725,630,160,Move,320150,3
674,611,160,Move,320158,3
587,580,512,Move,320166,0
510,555,512,Move,320174,0
489,552,512,Move,320190,0
484,552,512,Move,320198,0
436,539,512,Move,320206,0
427,537,512,Move,320222,0
401,533,512,Move,320230,0
374,533,512,Move,320238,0
361,533,512,Move,320246,0
352,533,512,Move,320254,0
343,536,512,Move,320270,0
329,542,512,Move,320278,0
322,547,512,Move,320294,0
308,556,512,Move,320302,0
303,560,512,Move,320310,0
302,562,512,Move,320318,0
290,575,512,Move,320326,0
267,593,512,Move,320334,0
254,608,512,Move,320342,0
249,618,512,Move,320350,0
244,624,512,Move,320358,0
230,644,512,Move,320366,0
229,647,512,Move,320374,0
222,656,512,Move,320382,0
209,673,512,Move,320390,0
203,690,512,Move,320398,0
196,704,512,Move,320406,0
196,705,512,Move,320414,0
187,727,512,Move,320422,0
182,746,512,Move,320430,0
171,766,512,Move,320438,0
171,766,512,Move,320439,0
165,767,512,Move,320446,0
161,767,512,Move,320454,0
152,767,512,Move,320462,0
151,767,512,Move,320470,0
148,767,512,Move,320478,0
139,767,512,Move,320486,0
130,767,512,Move,320494,0
122,767,512,Move,320502,0
116,767,512,Move,320510,0
115,767,512,Move,320518,0
115,765,512,Move,320758,0
115,764,512,Move,320766,0
116,763,512,Move,320774,0
116,762,512,Move,320798,0
118,760,512,Move,320860,0
119,758,512,Move,320870,0
119,757,512,Move,320878,0
119,756,512,Move,320886,0
121,756,512,Move,321070,0
122,756,512,Move,321086,0
125,754,512,Move,321134,0
129,754,512,Move,321142,0
129,754,512,Move,321143,0
133,754,512,Move,321150,0
137,755,512,Move,321158,0
142,755,512,Move,321166,0
146,755,512,Move,321174,0
150,755,512,Move,321182,0
151,755,512,Move,321190,0
153,755,512,Move,321198,0
156,755,512,Move,321206,0
159,755,512,Move,321214,0
162,755,512,Move,321222,0
164,755,512,Move,321230,0
165,755,512,Move,321238,0
168,755,512,Move,321246,0
168,755,512,Move,321274,0
166,755,512,Move,321518,0
165,755,512,Move,321526,0
163,755,512,Move,321534,0
160,755,512,Move,321542,0
158,755,512,Move,321550,0
157,755,512,Move,321558,0
153,755,512,Move,321566,0
148,755,512,Move,321574,0
148,755,512,Move,321575,0
146,756,512,Move,321582,0
141,756,512,Move,321590,0
140,756,512,Move,321598,0
138,757,512,Move,321606,0
138,757,512,Move,321849,0
137,758,512,Move,321974,0
137,759,512,Move,321982,0
135,760,512,Move,321990,0
134,760,512,Move,321998,0
133,761,512,Move,322014,0
132,761,512,Move,322102,0
131,761,512,Move,322110,0
130,761,512,Move,322118,0
129,759,512,Move,322126,0
126,758,512,Move,322134,0
126,758,512,Move,322135,0
126,757,512,Move,322142,0
123,756,512,Move,322150,0
122,756,512,Move,322158,0
121,756,512,Move,322190,0
121,756,512,Move,322212,0
120,756,512,Move,322270,0
121,753,512,Move,322654,0
122,749,512,Move,322662,0
128,738,512,Move,322670,0
130,724,512,Move,322678,0
131,713,512,Move,322686,0
131,694,512,Move,322694,0
131,676,512,Move,322702,0
131,657,512,Move,322710,0
129,654,512,Move,322718,0
128,652,512,Move,322726,0
122,641,512,Move,322734,0
121,638,512,Move,322742,0
116,629,512,Move,322750,0
116,629,512,Move,322756,0
115,629,512,Move,322830,0
114,629,512,Move,322838,0
112,629,512,Move,322846,0
111,629,512,Move,322854,0
111,630,512,Move,322990,0
109,627,512,Move,323046,0
109,615,512,Move,323054,0
104,590,512,Move,323062,0
104,567,512,Move,323078,0
104,540,512,Move,323086,0
96,498,512,Move,323094,0
90,462,512,Move,323102,0
77,440,512,Move,323110,0
64,420,512,Move,323118,0
61,413,512,Move,323126,0
57,407,512,Move,323134,0
57,406,512,Move,323142,0
54,398,512,Move,323150,0
54,397,512,Move,323158,0
54,396,512,Move,323166,0
52,396,512,Move,323190,0
51,396,512,Move,323350,0
50,398,512,Move,323358,0
49,401,512,Move,323366,0
49,403,512,Move,323374,0
47,404,512,Move,323382,0
47,406,512,Move,323406,0
45,407,512,Move,323438,0
46,408,512,Move,323526,0
50,410,512,Move,323534,0
51,412,512,Move,323542,0
52,412,512,Move,323550,0
58,417,512,Move,323558,0
59,420,512,Move,323566,0
64,429,512,Move,323574,0
66,437,512,Move,323582,0
68,451,512,Move,323598,0
68,465,512,Move,323606,0
68,475,512,Move,323614,0
66,489,512,Move,323622,0
66,490,512,Move,323630,0
64,498,512,Move,323638,0
62,506,512,Move,323646,0
61,515,512,Move,323654,0
59,521,512,Move,323662,0
59,525,512,Move,323670,0
57,525,512,Move,323678,0
56,526,512,Move,323686,0
56,527,512,Move,323702,0
54,528,512,Move,323718,0
53,529,512,Move,323726,0
52,530,512,Move,323734,0
51,531,512,Move,323742,0
51,534,512,Move,323750,0
49,534,512,Move,323758,0
49,535,512,Move,323766,0
47,536,512,Move,323782,0
46,538,512,Move,323790,0
45,541,512,Move,323798,0
43,544,512,Move,323806,0
43,545,512,Move,323814,0
40,550,512,Move,323822,0
37,553,512,Move,323830,0
35,556,512,Move,323838,0
26,567,512,Move,323846,0
23,571,512,Move,323854,0
23,574,512,Move,323910,0
23,582,512,Move,323918,0
23,586,512,Move,323926,0
23,592,512,Move,323934,0
23,595,512,Move,323942,0
23,596,512,Move,323950,0
24,596,512,Move,324006,0
25,593,512,Move,324014,0
26,592,512,Move,324022,0
27,589,512,Move,324030,0
27,585,512,Move,324038,0
28,584,512,Move,324046,0
28,582,512,Move,324054,0
31,573,512,Move,324062,0
31,572,512,Move,324094,0
32,569,512,Move,324126,0
30,565,512,Move,324134,0
31,559,512,Move,324142,0
31,553,512,Move,324150,0
33,548,512,Move,324158,0
33,544,512,Move,324174,0
33,543,512,Move,324182,0
34,539,512,Move,324190,0
35,536,512,Move,324198,0
35,534,512,Move,324206,0
36,531,512,Move,324214,0
39,530,512,Move,324222,0
39,529,512,Move,324230,0
40,529,512,Move,324246,0
41,529,512,Move,324326,0
45,529,512,Move,324334,0
47,529,512,Move,324342,0
48,529,512,Move,324350,0
51,529,512,Move,324358,0
52,529,512,Move,324366,0
53,529,512,Move,324374,0
54,529,512,Move,324382,0
57,529,512,Move,324390,0
58,529,512,Move,324398,0
62,529,512,Move,324406,0
64,529,512,Move,324414,0
65,529,512,Move,324422,0
68,529,512,Move,324430,0
70,529,512,Move,324438,0
71,529,512,Move,324454,0
72,529,512,Move,324462,0
75,529,512,Move,324470,0
76,529,512,Move,324486,0
78,529,512,Move,324494,0
83,527,512,Move,324502,0
87,527,512,Move,324510,0
90,527,512,Move,324518,0
92,527,512,Move,324526,0
93,527,512,Move,324534,0
95,527,512,Move,324542,0
96,525,512,Move,324550,0
97,525,512,Move,324566,0
98,525,512,Move,324582,0
99,525,512,Move,324590,0
100,525,512,Move,324598,0
101,525,512,Move,324606,0
104,523,512,Move,324614,0
105,523,512,Move,324630,0
106,523,512,Move,324638,0
107,523,512,Move,324654,0
107,523,513,Pressed,324822,0
107,523,512,Move,324823,0
107,523,514,Released,324910,0
107,523,512,Move,324912,0
107,523,515,doubleclick,324990,0
107,523,512,Move,325009,0
107,523,514,Released,325110,0
108,523,512,Move,325350,0
110,523,512,Move,325358,0
112,523,512,Move,325366,0
115,523,512,Move,325374,0
116,523,512,Move,325382,0
114,523,512,Move,325390,0
112,523,512,Move,325398,0
111,523,512,Move,325406,0
111,524,512,Move,325638,0
111,525,512,Move,325654,0
111,526,512,Move,325662,0
112,527,512,Move,325678,0
112,528,512,Move,325710,0
113,528,512,Move,325742,0
118,526,512,Move,325750,0
122,525,512,Move,325758,0
125,525,512,Move,325766,0
129,522,512,Move,325774,0
132,520,512,Move,325782,0
149,509,512,Move,325798,0
176,492,512,Move,325806,0
201,478,512,Move,325814,0
204,478,512,Move,325822,0
207,476,512,Move,325830,0
226,464,512,Move,325838,0
248,451,512,Move,325846,0
268,440,512,Move,325854,0
278,430,512,Move,325862,0
281,427,512,Move,325870,0
282,425,512,Move,325878,0
282,424,512,Move,325886,0
282,422,512,Move,325902,0
282,422,512,Move,325998,0
282,422,512,Move,326000,0
282,422,512,Move,326246,0
282,422,512,Move,326247,0
282,422,512,Move,326252,0
282,422,512,Move,326253,0
282,422,512,Move,326253,0
282,422,512,Move,326255,0
981,610,512,Move,331910,0
994,612,512,Move,331918,0
1008,612,512,Move,331926,0
1012,613,512,Move,331934,0
1013,613,512,Move,331942,0
1015,613,512,Move,331950,0
1016,613,512,Move,331966,0
1017,613,512,Move,331982,0
1017,614,512,Move,332214,0
1017,614,512,Move,332522,0
1017,614,512,Move,332523,0
1015,614,512,Move,332614,0
1008,611,512,Move,332630,0
996,603,512,Move,332638,0
984,595,512,Move,332646,0
620,688,512,Move,341334,0
640,701,512,Move,341342,0
649,707,512,Move,341350,0
652,708,512,Move,341358,0
669,718,512,Move,341366,0
684,726,512,Move,341374,0
691,729,512,Move,341382,0
698,736,512,Move,341398,0
712,742,160,Move,341406,0
719,746,160,Move,341414,0
720,746,160,Move,341422,0
721,746,160,Move,341430,0
722,746,160,Move,341438,0
723,747,160,Move,341446,0
730,748,160,Move,341454,0
731,748,160,Move,341462,0
733,748,160,Move,341478,0
734,748,160,Move,341486,0
739,748,160,Move,341494,0
740,748,160,Move,341518,0
741,748,160,Move,341526,0
742,748,160,Move,341534,0
744,746,160,Move,341542,0
744,744,160,Move,341550,0
745,743,160,Move,341558,0
747,739,160,Move,341566,0
750,737,512,Move,341582,0
751,735,512,Move,341590,0
756,732,512,Move,341614,0
762,729,512,Move,341622,0
767,724,512,Move,341630,0
771,721,512,Move,341638,0
772,721,512,Move,341646,0
774,721,512,Move,341654,0
775,719,512,Move,341662,0
776,719,512,Move,341678,0
777,719,512,Move,341686,0
779,719,512,Move,341710,0
782,717,512,Move,341718,0
793,714,512,Move,341726,0
804,712,512,Move,341734,0
807,710,512,Move,341742,0
817,709,512,Move,341750,0
828,707,512,Move,341758,0
899,713,512,Move,341918,0
900,714,512,Move,341926,0
901,714,512,Move,341934,0
902,715,512,Move,341958,0
902,716,512,Move,342030,0
902,718,512,Move,342038,0
902,721,512,Move,342046,0
902,723,512,Move,342054,0
902,724,512,Move,342070,0
900,728,512,Move,342078,0
900,733,512,Move,342086,0
898,737,512,Move,342094,0
898,743,512,Move,342102,0
898,753,512,Move,342110,0
898,761,512,Move,342118,0
898,767,512,Move,342126,0
899,767,512,Move,342134,0
900,767,512,Move,342174,0
901,767,512,Move,342198,0
902,767,512,Move,342206,0
903,767,512,Move,342214,0
906,767,512,Move,342222,0
907,767,512,Move,342230,0
908,767,512,Move,342238,0
911,767,512,Move,342246,0
912,767,512,Move,342254,0
913,767,512,Move,342262,0
914,767,512,Move,342278,0
915,765,512,Move,342334,0
916,761,512,Move,342350,0
916,759,512,Move,342358,0
916,758,512,Move,342398,0
916,757,512,Move,342414,0
916,755,512,Move,342422,0
916,754,512,Move,342430,0
916,753,512,Move,342486,0
916,753,512,Move,342694,0
916,753,516,Pressed,343718,0
916,753,512,Move,343720,0
916,753,517,Released,343854,0
916,753,512,Move,343854,0
916,753,512,Move,343871,0
916,753,512,Move,343872,0
916,753,512,Move,343873,0
916,753,512,Move,343874,0
916,753,512,Move,343876,0
916,753,512,Move,343876,0
916,753,512,Move,343876,0
916,753,512,Move,343877,0
914,753,512,Move,344358,0
913,753,512,Move,344374,0
912,753,512,Move,344382,0
910,753,512,Move,344390,0
909,751,512,Move,344398,0
907,751,512,Move,344406,3
907,751,512,Move,344406,3
906,751,512,Move,344414,3
906,751,512,Move,344414,3
905,751,512,Move,344422,3
905,751,512,Move,344422,3
905,749,512,Move,344430,3
905,749,512,Move,344430,3
903,749,512,Move,344438,3
903,749,512,Move,344438,3
902,749,512,Move,344454,3
902,749,512,Move,344454,3
901,747,512,Move,344462,3
901,747,512,Move,344462,3
900,746,512,Move,344486,3
900,746,512,Move,344486,3
899,746,512,Move,344494,3
899,746,512,Move,344494,3
898,744,512,Move,344502,3
898,744,512,Move,344502,3
897,744,512,Move,344518,3
897,744,512,Move,344518,3
895,744,512,Move,344534,3
895,744,512,Move,344534,3
895,742,512,Move,344542,3
895,742,512,Move,344542,3
893,742,512,Move,344550,3
893,742,512,Move,344550,3
892,742,512,Move,344566,3
892,742,512,Move,344566,3
891,742,512,Move,344574,3
891,742,512,Move,344574,3
891,740,512,Move,344590,3
891,740,512,Move,344590,3
889,740,512,Move,344710,3
889,740,512,Move,344710,3
889,740,513,Pressed,344758,3
889,740,513,Pressed,344758,3
889,740,514,Released,344862,3
889,740,514,Released,344862,3
889,740,512,Move,344863,0
889,740,512,Move,344863,0
889,740,512,Move,344952,0
889,740,512,Move,344952,0
889,740,512,Move,344952,0
889,740,512,Move,344971,0
889,740,512,Move,344979,0
889,740,512,Move,345126,0
889,740,512,Move,345130,0
889,740,512,Move,345130,0
884,740,512,Move,345254,0
876,736,512,Move,345262,0
864,730,512,Move,345270,0
864,730,512,Move,345272,0
859,729,512,Move,345278,0
849,722,512,Move,345286,0
837,716,512,Move,345294,0
817,705,512,Move,345302,0
800,694,512,Move,345310,0
788,690,512,Move,345318,0
0,164,512,Move,345438,0
0,151,512,Move,345446,0
0,124,512,Move,345454,0
0,99,512,Move,345462,0
0,75,512,Move,345470,0
0,51,512,Move,345478,0
0,45,512,Move,345486,0
0,30,512,Move,345494,0
0,23,512,Move,345502,0
0,11,512,Move,345510,0
0,3,512,Move,345518,0
0,0,512,Move,345526,0
1,0,512,Move,345534,0
10,0,512,Move,345542,0
17,0,512,Move,345550,0
18,0,512,Move,345558,0
24,0,512,Move,345566,0
29,0,512,Move,345574,0
41,0,512,Move,345582,0
56,0,512,Move,345590,0
75,0,512,Move,345598,0
89,0,512,Move,345606,0
111,0,512,Move,345614,0
114,0,512,Move,345622,0
126,0,512,Move,345630,0
142,0,512,Move,345638,0
155,0,512,Move,345646,0
164,0,512,Move,345654,0
170,0,512,Move,345662,0
172,0,512,Move,345670,0
173,0,512,Move,345686,0
173,1,512,Move,345702,0
173,2,512,Move,345710,0
171,6,512,Move,345718,0
170,10,512,Move,345726,0
170,14,512,Move,345734,0
170,20,512,Move,345742,0
171,25,512,Move,345750,0
171,26,512,Move,345758,0
171,27,512,Move,345766,0
171,28,512,Move,345774,0
172,31,512,Move,345782,0
173,33,512,Move,345790,0
174,36,512,Move,345798,0
177,39,512,Move,345806,0
178,40,512,Move,345814,0
180,41,512,Move,345822,0
181,42,512,Move,345830,0
182,44,512,Move,345838,0
183,45,512,Move,345846,0
183,47,512,Move,345854,0
184,48,512,Move,345862,0
124,88,512,Move,347126,0
117,91,512,Move,347134,0
101,97,512,Move,347142,0
86,102,512,Move,347150,0
86,102,512,Move,347162,0
82,103,512,Move,347174,0
81,104,512,Move,347182,0
77,110,512,Move,347190,0
75,113,512,Move,347198,0
72,115,512,Move,347206,0
71,120,512,Move,347214,0
70,121,512,Move,347222,0
69,123,512,Move,347230,0
69,125,512,Move,347238,0
66,126,512,Move,347246,0
65,129,512,Move,347254,0
65,130,512,Move,347262,0
65,132,512,Move,347278,0
63,133,512,Move,347286,0
62,134,512,Move,347302,0
61,134,512,Move,347310,0
61,136,512,Move,347334,0
59,139,512,Move,347342,0
58,141,512,Move,347350,0
58,144,512,Move,347358,0
58,145,512,Move,347366,0
55,149,512,Move,347374,0
54,152,512,Move,347390,0
54,153,512,Move,347406,0
52,154,512,Move,347414,0
52,156,512,Move,347422,0
52,158,512,Move,347446,0
52,158,513,Pressed,347622,0
52,158,512,Move,347624,0
52,158,514,Released,347718,0
52,158,512,Move,347718,0
52,158,512,Move,347754,0
50,160,512,Move,347774,0
50,160,512,Move,347780,0
50,161,512,Move,347782,0
50,161,512,Move,347791,0
50,161,512,Move,347792,0
50,161,512,Move,347792,0
50,161,512,Move,347794,0
50,161,512,Move,347794,0
50,161,512,Move,347794,0
50,161,512,Move,347795,0
50,161,512,Move,347796,0
50,161,512,Move,347796,0
50,161,512,Move,347797,0
50,161,512,Move,347797,0
50,161,512,Move,347798,0
50,161,512,Move,347800,0
50,161,512,Move,347801,0
50,161,512,Move,347801,0
50,161,512,Move,347801,0
50,161,512,Move,347803,0
50,161,512,Move,347804,0
50,161,512,Move,347804,0
50,161,512,Move,347804,0
50,162,512,Move,347814,0
48,162,512,Move,347822,0
48,163,512,Move,347830,0
48,164,512,Move,348014,0
46,165,512,Move,348022,0
46,166,512,Move,348030,0
46,168,512,Move,348102,0
46,170,512,Move,348110,0
46,171,512,Move,348118,0
46,172,512,Move,348126,0
46,173,512,Move,348142,0
46,174,512,Move,348150,0
47,177,512,Move,348158,0
47,179,512,Move,348166,0
48,182,512,Move,348174,0
48,183,512,Move,348182,0
48,186,512,Move,348190,0
48,186,513,Pressed,348318,0
48,186,512,Move,348318,0
48,186,514,Released,348406,0
48,186,512,Move,348406,0
48,186,515,doubleclick,348486,0
48,186,512,Move,348490,0
48,186,512,Move,348551,0
48,186,512,Move,348584,0
48,186,512,Move,348590,0
48,186,512,Move,348591,0
48,186,512,Move,348599,0
48,186,512,Move,348600,0
48,186,512,Move,348601,0
48,186,512,Move,348601,0
48,186,512,Move,348601,0
48,186,512,Move,348602,0
48,186,512,Move,348602,0
48,186,514,Released,348606,0
48,186,512,Move,348611,0
48,186,512,Move,348612,0
48,186,512,Move,348612,0
48,186,512,Move,348613,0
48,186,512,Move,348613,0
48,186,512,Move,348613,0
48,186,512,Move,348614,0
48,186,512,Move,348614,0
48,186,512,Move,348615,0
48,186,512,Move,348615,0
48,186,512,Move,348615,0
48,186,512,Move,348616,0
48,186,512,Move,348616,0
48,186,512,Move,348616,0
48,186,512,Move,348617,0
48,186,512,Move,348618,0
48,186,512,Move,348618,0
48,186,512,Move,348618,0
48,186,512,Move,348619,0
48,186,512,Move,348619,0
48,186,512,Move,348619,0
48,186,512,Move,348619,0
48,186,512,Move,348620,0
48,186,512,Move,348620,0
48,186,512,Move,348753,0
48,186,512,Move,348754,0
48,186,512,Move,348784,0
48,186,512,Move,348784,0
48,186,512,Move,348921,0
48,186,512,Move,348921,0
48,186,512,Move,348922,0
48,186,512,Move,348922,0
48,186,512,Move,348936,0
48,186,512,Move,348940,0
48,186,512,Move,348941,0
48,186,512,Move,348941,0
48,186,512,Move,348941,0
48,186,512,Move,348941,0
48,186,512,Move,348950,0
48,186,512,Move,348950,0
48,186,512,Move,348951,0
48,186,512,Move,348951,0
48,186,512,Move,348951,0
48,186,512,Move,348952,0
48,186,512,Move,348952,0
48,186,512,Move,348952,0
48,186,512,Move,348953,0
48,186,512,Move,348959,0
52,184,160,Move,349010,0
53,184,160,Move,349014,0
57,184,512,Move,349030,0
65,182,512,Move,349038,0
73,182,512,Move,349046,0
82,182,512,Move,349054,0
86,182,512,Move,349062,0
98,183,512,Move,349070,0
105,185,512,Move,349078,0
111,185,512,Move,349086,0
123,185,512,Move,349094,0
150,189,512,Move,349102,0
151,189,512,Move,349110,0
153,191,512,Move,349414,0
154,192,512,Move,349422,0
156,193,512,Move,349430,0
165,207,512,Move,349438,0
184,230,512,Move,349446,0
198,236,512,Move,349454,0
203,240,512,Move,349462,0
225,252,512,Move,349470,0
245,262,512,Move,349478,0
246,264,512,Move,349486,0
249,268,512,Move,349494,0
257,275,512,Move,349502,0
260,276,512,Move,349510,0
262,280,512,Move,349518,0
266,282,512,Move,349526,0
272,285,512,Move,349534,0
277,286,512,Move,349542,0
279,288,512,Move,349550,0
281,288,512,Move,349558,0
279,286,512,Move,349678,0
274,282,512,Move,349686,0
271,281,512,Move,349694,0
265,277,512,Move,349702,0
258,272,512,Move,349710,0
251,271,512,Move,349718,0
250,270,512,Move,349726,0
245,267,512,Move,349734,0
233,259,512,Move,349742,0
228,259,512,Move,349750,0
226,259,512,Move,349774,0
217,255,512,Move,349782,0
206,253,512,Move,349790,0
200,252,512,Move,349806,0
189,250,512,Move,349814,0
188,249,512,Move,349822,0
185,249,512,Move,349830,0
184,247,512,Move,350078,0
183,246,512,Move,350086,0
182,246,512,Move,350102,0
181,246,512,Move,350190,0
181,244,512,Move,350198,0
181,243,512,Move,350230,0
179,243,512,Move,350302,0
178,243,512,Move,350318,0
177,243,512,Move,350334,0
177,243,513,Pressed,350422,0
177,243,514,Released,350518,0
177,243,512,Move,350518,0
177,243,512,Move,350787,0
177,243,512,Move,351101,0
178,243,512,Move,351366,0
178,244,512,Move,351374,0
179,244,512,Move,351390,0
189,244,512,Move,351398,0
205,244,512,Move,351406,0
229,244,512,Move,351414,0
237,244,512,Move,351438,0
259,246,512,Move,351446,0
280,246,512,Move,351454,0
294,246,512,Move,351462,0
298,246,512,Move,351470,0
299,246,512,Move,351478,0
300,246,512,Move,351486,0
301,246,512,Move,351638,0
301,244,512,Move,351686,0
302,243,512,Move,351702,0
303,241,512,Move,351710,0
304,240,512,Move,351718,0
307,237,512,Move,351726,0
309,234,512,Move,351734,0
312,231,512,Move,351742,0
315,230,512,Move,351750,0
318,227,512,Move,351758,0
319,226,512,Move,351766,0
320,225,512,Move,351774,0
320,224,512,Move,351782,0
320,223,512,Move,351790,0
321,220,512,Move,351814,0
322,219,512,Move,351830,0
322,218,512,Move,351854,0
323,217,512,Move,351862,0
323,217,513,Pressed,351918,0
323,217,512,Move,352083,0
323,217,514,Released,352083,0
323,217,512,Move,352083,0
323,217,515,doubleclick,352142,0
323,217,512,Move,352166,0
323,217,512,Move,352218,0
323,217,512,Move,352219,0
323,217,512,Move,352219,0
323,217,512,Move,352220,0
323,217,512,Move,352224,0
323,217,512,Move,352227,0
323,217,512,Move,352228,0
323,217,512,Move,352228,0
323,217,512,Move,352230,0
323,217,512,Move,352239,0
323,217,514,Released,352262,0
325,217,512,Move,352662,0
330,219,160,Move,352670,0
336,223,512,Move,352678,0
339,226,512,Move,352686,0
349,231,512,Move,352694,0
352,232,512,Move,352702,0
365,240,512,Move,352710,0
377,248,512,Move,352718,0
394,256,512,Move,352726,0
416,270,512,Move,352734,0
436,278,512,Move,352742,0
464,290,512,Move,352750,0
476,296,512,Move,352758,0
506,313,512,Move,352766,0
512,317,512,Move,352774,0
521,320,512,Move,352782,0
545,339,512,Move,352790,0
556,345,512,Move,352798,0
563,348,512,Move,352806,0
564,349,512,Move,352814,0
567,353,512,Move,352830,0
570,357,512,Move,352838,0
571,368,512,Move,352846,0
571,369,512,Move,352854,0
573,374,512,Move,352862,0
575,386,512,Move,352870,0
577,392,512,Move,352878,0
577,396,512,Move,352886,0
578,402,512,Move,352894,0
578,408,512,Move,352918,0
578,418,512,Move,352926,0
574,427,512,Move,352934,0
571,432,512,Move,352942,0
568,436,512,Move,352950,0
567,438,512,Move,352966,0
561,445,512,Move,352974,0
547,465,512,Move,352982,0
543,470,512,Move,352990,0
532,487,512,Move,352998,0
529,491,512,Move,353006,0
522,500,512,Move,353014,0
519,505,512,Move,353022,0
512,511,512,Move,353030,0
508,516,512,Move,353038,0
505,519,512,Move,353046,0
504,519,512,Move,353054,0
501,520,512,Move,353062,0
500,520,512,Move,353094,0
496,520,512,Move,353166,0
492,520,512,Move,353174,0
488,520,512,Move,353182,0
482,518,512,Move,353190,0
475,516,512,Move,353198,0
471,516,512,Move,353206,0
467,514,512,Move,353214,0
466,514,512,Move,353222,0
464,514,512,Move,353230,0
462,514,512,Move,353238,0
459,514,512,Move,353246,0
458,514,512,Move,353254,0
459,514,512,Move,353502,0
460,514,512,Move,353510,0
461,516,512,Move,353518,0
461,517,512,Move,353534,0
462,517,512,Move,353630,0
462,518,512,Move,353638,0
463,518,512,Move,353646,0
463,519,512,Move,353654,0
463,520,512,Move,353662,0
464,521,512,Move,353686,0
465,521,512,Move,353710,0
462,519,512,Move,353918,0
459,519,512,Move,353926,0
453,519,512,Move,353934,0
447,519,512,Move,353942,0
443,517,512,Move,353950,0
435,517,512,Move,353958,0
429,517,512,Move,353966,0
423,517,512,Move,353974,0
417,517,512,Move,353982,0
413,517,512,Move,353990,0
407,517,512,Move,353998,0
406,517,512,Move,354006,0
402,517,512,Move,354014,0
401,517,512,Move,354022,0
398,517,512,Move,354038,0
397,517,512,Move,354046,0
396,517,512,Move,354054,0
392,517,512,Move,354062,0
388,517,512,Move,354070,0
385,517,512,Move,354078,0
383,518,512,Move,354086,0
382,518,512,Move,354094,0
382,519,512,Move,354254,0
383,519,512,Move,354262,0
383,520,512,Move,354278,0
384,520,512,Move,354286,0
384,520,513,Pressed,354358,0
384,520,514,Released,354462,0
384,520,512,Move,354462,0
385,518,512,Move,354590,0
385,518,512,Move,354593,0
385,518,512,Move,354594,0
385,518,512,Move,354594,0
385,518,512,Move,354595,0
385,518,512,Move,354596,0
385,518,512,Move,354598,0
385,517,512,Move,354598,0
385,517,512,Move,354602,0
386,515,512,Move,354715,0
386,514,512,Move,354774,0
387,512,512,Move,354790,0
388,512,512,Move,354798,0
388,510,512,Move,354806,0
388,509,512,Move,354814,0
388,508,512,Move,354822,0
388,501,512,Move,354830,0
388,500,512,Move,354838,0
388,493,512,Move,354846,0
389,479,512,Move,354862,0
389,463,512,Move,354870,0
389,450,512,Move,354878,0
389,441,512,Move,354894,0
387,437,512,Move,354902,0
387,436,512,Move,354926,0
382,427,512,Move,354934,0
371,404,512,Move,354942,0
371,403,512,Move,354950,0
366,392,512,Move,354958,0
362,376,512,Move,354966,0
353,361,160,Move,354974,0
353,353,512,Move,354982,0
348,348,512,Move,354990,0
344,339,512,Move,354998,0
341,330,512,Move,355006,0
338,329,512,Move,355014,0
336,323,512,Move,355022,0
333,318,512,Move,355030,0
332,315,512,Move,355038,0
332,314,512,Move,355046,0
330,313,512,Move,355150,0
329,312,512,Move,355174,0
328,312,512,Move,355198,0
326,312,512,Move,355206,0
321,312,512,Move,355214,0
315,313,512,Move,355222,0
314,314,512,Move,355230,0
307,319,512,Move,355254,0
300,324,512,Move,355262,0
295,325,512,Move,355270,0
291,330,512,Move,355278,0
288,331,512,Move,355286,0
285,333,512,Move,355294,0
285,334,512,Move,355302,0
283,334,512,Move,355350,0
282,335,512,Move,355478,0
282,336,512,Move,355486,0
282,337,512,Move,355494,0
282,339,512,Move,355502,0
280,339,512,Move,355510,0
280,340,512,Move,355518,0
280,341,512,Move,355638,0
280,342,512,Move,355654,0
280,342,513,Pressed,355758,0
280,342,512,Move,355760,0
280,342,514,Released,355878,0
280,342,512,Move,355878,0
280,342,515,doubleclick,355982,0
280,342,512,Move,356006,0
280,342,514,Released,356062,0
281,346,512,Move,356190,0
284,354,512,Move,356198,0
292,369,512,Move,356206,0
301,383,512,Move,356214,0
311,400,512,Move,356222,0
320,415,512,Move,356230,0
328,432,512,Move,356238,0
331,436,512,Move,356254,0
336,445,512,Move,356262,0
345,462,512,Move,356270,0
355,477,512,Move,356278,0
357,483,512,Move,356286,0
357,484,512,Move,356294,0
357,485,512,Move,356310,0
357,482,512,Move,356462,0
357,478,512,Move,356470,0
358,472,512,Move,356478,0
359,467,512,Move,356486,0
363,461,512,Move,356494,0
364,458,160,Move,356502,0
364,456,512,Move,356678,0
362,454,512,Move,356710,0
361,453,512,Move,356726,0
360,452,512,Move,356734,0
359,450,512,Move,356742,0
358,449,512,Move,356750,0
355,446,512,Move,356758,0
354,443,512,Move,356766,0
352,441,160,Move,356774,0
350,439,512,Move,356782,0
349,438,512,Move,356790,0
347,436,512,Move,356798,0
344,433,512,Move,356806,0
343,433,512,Move,356822,0
342,431,512,Move,356830,0
340,429,512,Move,356846,0
335,422,512,Move,356854,0
335,420,512,Move,356870,0
335,419,512,Move,356878,0
333,416,512,Move,356886,0
332,415,512,Move,356894,0
332,414,512,Move,356910,0
330,414,512,Move,357030,0
329,414,512,Move,357038,0
325,412,512,Move,357046,0
321,411,512,Move,357054,0
313,409,512,Move,357062,0
308,408,512,Move,357070,0
302,406,512,Move,357078,0
296,403,512,Move,357086,0
289,401,512,Move,357094,0
280,394,512,Move,357102,0
273,390,512,Move,357110,0
264,383,512,Move,357118,0
259,380,512,Move,357126,0
258,378,512,Move,357134,0
252,374,512,Move,357142,0
247,367,512,Move,357150,0
246,366,512,Move,357158,0
245,366,512,Move,357174,0
245,364,512,Move,357182,0
243,364,512,Move,357190,0
243,362,512,Move,357230,0
243,361,512,Move,357246,0
243,360,512,Move,357414,0
243,359,512,Move,357430,0
241,358,512,Move,357438,0
241,357,512,Move,357446,0
241,356,512,Move,357478,0
241,356,513,Pressed,357558,0
241,356,514,Released,357646,0
241,356,512,Move,357648,0
242,359,512,Move,357726,0
242,365,512,Move,357734,0
242,370,512,Move,357742,0
242,372,512,Move,357750,0
242,380,512,Move,357758,0
242,388,512,Move,357766,0
240,393,512,Move,357774,0
240,401,512,Move,357782,0
240,414,512,Move,357790,0
238,425,512,Move,357798,0
238,431,512,Move,357814,0
238,433,512,Move,357822,0
238,434,512,Move,357854,0
238,436,512,Move,357878,0
238,442,512,Move,357918,0
238,448,512,Move,357926,0
238,452,512,Move,357934,0
238,455,512,Move,357942,0
238,456,512,Move,358150,0
238,457,512,Move,358182,0
238,458,512,Move,358190,0
238,461,512,Move,358198,0
238,463,512,Move,358206,0
238,466,512,Move,358214,0
239,469,512,Move,358222,0
239,471,512,Move,358230,0
240,472,512,Move,358238,0
240,473,512,Move,358302,0
240,475,512,Move,358310,0
241,475,512,Move,358318,0
241,476,512,Move,358478,0
242,478,512,Move,358486,0
243,478,512,Move,358502,0
243,478,513,Pressed,358662,0
243,478,514,Released,358750,0
243,479,512,Move,359174,0
247,483,512,Move,359182,0
248,483,512,Move,359190,0
250,485,512,Move,359198,0
253,486,512,Move,359206,0
254,488,512,Move,359214,0
257,489,512,Move,359262,0
258,492,512,Move,359270,0
259,493,512,Move,359278,0
259,491,512,Move,359430,0
259,490,512,Move,359438,0
259,489,512,Move,359446,0
259,488,512,Move,359454,0
259,487,512,Move,359470,0
259,486,512,Move,359478,0
259,485,512,Move,359494,0
259,483,512,Move,359510,0
260,483,512,Move,359518,0
260,481,512,Move,359534,0
260,481,513,Pressed,359646,0
260,481,514,Released,359726,0
260,481,512,Move,359727,0
260,482,512,Move,359846,0
264,487,512,Move,359854,0
267,490,512,Move,359862,0
272,497,512,Move,359870,0
276,501,512,Move,359886,0
281,504,512,Move,359902,0
298,520,512,Move,359910,0
308,528,512,Move,359918,0
323,540,512,Move,359926,0
337,551,512,Move,359934,0
352,561,512,Move,359942,0
390,586,512,Move,359950,0
423,608,512,Move,359958,0
430,611,512,Move,359966,0
439,617,512,Move,359974,0
440,618,512,Move,359982,0
442,619,512,Move,359990,0
455,625,512,Move,359998,0
461,626,512,Move,360006,0
463,626,512,Move,360014,0
464,627,512,Move,360022,0
465,627,512,Move,360030,0
466,627,512,Move,360038,0
463,624,512,Move,360118,0
463,623,512,Move,360134,0
460,623,512,Move,360142,0
459,623,512,Move,360150,0
459,621,512,Move,360158,0
457,621,512,Move,360166,0
457,619,512,Move,360190,0
455,619,512,Move,360198,0
454,619,512,Move,360206,0
453,619,512,Move,360214,0
452,619,512,Move,360230,0
449,620,512,Move,360238,0
449,621,512,Move,360278,0
447,622,512,Move,360390,0
447,623,512,Move,360398,0
445,624,512,Move,360406,0
445,625,512,Move,360438,0
445,627,512,Move,360446,0
443,627,512,Move,360454,0
443,628,512,Move,360462,0
443,629,512,Move,360470,0
441,630,512,Move,360478,0
441,631,512,Move,360486,0
439,632,512,Move,360494,0
439,635,512,Move,360630,0
439,636,512,Move,360998,0
439,637,512,Move,361014,0
439,638,512,Move,361022,0
440,638,512,Move,361030,0
441,640,512,Move,361038,0
443,640,512,Move,361046,0
445,640,512,Move,361054,0
446,641,512,Move,361062,0
447,642,512,Move,361070,0
448,643,512,Move,361078,0
451,645,512,Move,361086,0
453,647,512,Move,361094,0
454,648,512,Move,361102,0
456,649,512,Move,361118,0
457,649,512,Move,361158,0
458,649,512,Move,361174,0
456,649,512,Move,361310,0
455,649,512,Move,361318,0
454,649,512,Move,361326,0
453,649,512,Move,361334,0
451,649,512,Move,361342,0
449,649,512,Move,361358,0
448,649,512,Move,361374,0
447,649,512,Move,361390,0
446,649,512,Move,361398,0
445,649,512,Move,361438,0
444,649,512,Move,361470,0
444,649,513,Pressed,361582,0
444,649,514,Released,361686,0
444,649,512,Move,361688,0
444,647,512,Move,361934,0
442,646,512,Move,361942,0
442,645,512,Move,361950,0
442,641,512,Move,361957,0
442,639,512,Move,361974,0
440,633,512,Move,361998,0
440,627,512,Move,362006,0
440,624,512,Move,362038,0
438,623,512,Move,362046,0
438,622,512,Move,362054,0
438,619,512,Move,362062,0
438,618,512,Move,362070,0
436,617,512,Move,362077,0
436,613,512,Move,362086,0
436,611,512,Move,362093,0
436,608,512,Move,362102,0
434,605,512,Move,362109,0
433,604,512,Move,362118,0
432,603,512,Move,362125,0
431,602,512,Move,362134,0
431,600,512,Move,362142,0
429,600,512,Move,362150,0
429,598,512,Move,362158,0
427,598,512,Move,362174,0
426,595,512,Move,362182,0
424,595,512,Move,362189,0
422,593,512,Move,362198,0
421,593,512,Move,362205,0
419,591,160,Move,362214,0
416,591,160,Move,362222,0
413,588,512,Move,362230,0
409,586,512,Move,362237,0
406,583,512,Move,362246,0
400,578,512,Move,362262,0
390,573,512,Move,362269,0
385,563,160,Move,362278,0
377,556,512,Move,362285,0
376,556,512,Move,362293,0
375,554,512,Move,362318,0
375,553,512,Move,362326,0
372,552,512,Move,362334,0
371,552,512,Move,362350,0
370,550,512,Move,362358,0
367,550,512,Move,362366,0
367,548,512,Move,362374,0
365,548,512,Move,362382,0
365,548,513,Pressed,362654,0
365,548,514,Released,362758,0
381,529,512,Move,363665,0
381,529,512,Move,363669,0
381,528,512,Move,363686,0
381,524,512,Move,363694,0
382,514,512,Move,363701,0
386,494,512,Move,363709,0
390,480,512,Move,363718,0
397,461,512,Move,363725,0
403,447,512,Move,363734,0
404,444,512,Move,363747,0
406,440,512,Move,363749,0
409,437,512,Move,363758,0
420,426,512,Move,363765,0
427,418,512,Move,363773,0
437,406,512,Move,363781,0
447,396,512,Move,363790,0
447,396,512,Move,363797,0
454,389,512,Move,363798,0
454,389,512,Move,363800,0
454,389,512,Move,363800,0
454,389,512,Move,363801,0
454,389,512,Move,363801,0
454,389,512,Move,363803,0
454,389,512,Move,363803,0
454,389,512,Move,363804,0
454,389,512,Move,363804,0
459,385,512,Move,363806,0
459,385,512,Move,363812,0
462,380,512,Move,363814,0
467,375,512,Move,363822,0
467,371,512,Move,363829,0
468,371,512,Move,363837,0
469,369,512,Move,363845,0
469,368,512,Move,363854,0
469,368,512,Move,363866,0
469,368,512,Move,363870,0
469,368,512,Move,363878,0
469,368,512,Move,363917,0
469,366,512,Move,364102,0
470,365,512,Move,364109,0
474,354,512,Move,364117,0
476,347,512,Move,364125,0
482,336,512,Move,364133,0
483,333,512,Move,364141,0
490,322,512,Move,364149,0
492,319,512,Move,364157,0
495,313,512,Move,364165,0
507,303,512,Move,364173,0
525,287,512,Move,364181,0
548,266,512,Move,364189,0
569,246,512,Move,364197,0
586,235,512,Move,364205,0
590,230,512,Move,364213,0
593,228,512,Move,364221,0
594,228,512,Move,364229,0
594,230,512,Move,364341,0
594,232,512,Move,364349,0
592,235,512,Move,364357,0
592,236,512,Move,364365,0
590,237,512,Move,364373,0
590,240,512,Move,364381,0
588,243,512,Move,364389,0
585,244,512,Move,364397,0
585,247,512,Move,364405,0
589,244,512,Move,364477,0
600,238,512,Move,364485,0
604,235,512,Move,364493,0
607,234,512,Move,364501,0
613,231,512,Move,364509,0
614,231,512,Move,364517,0
620,229,512,Move,364533,0
623,228,512,Move,364541,0
624,227,512,Move,364549,0
625,226,512,Move,364557,0
626,224,512,Move,364573,0
628,224,512,Move,364581,0
631,222,512,Move,364589,0
634,221,512,Move,364597,0
636,221,512,Move,364605,0
638,219,512,Move,364613,0
640,218,512,Move,364621,0
641,217,512,Move,364629,0
642,217,512,Move,364637,0
643,215,512,Move,364725,0
645,214,512,Move,364733,0
646,213,512,Move,364741,0
647,213,512,Move,364749,0
648,210,512,Move,364766,0
649,210,512,Move,364789,0
653,205,512,Move,364797,0
658,201,160,Move,364805,0
661,199,160,Move,364813,0
663,199,160,Move,364853,0
666,197,160,Move,364869,0
667,197,160,Move,364885,0
668,195,160,Move,365069,0
668,194,160,Move,365085,0
668,193,160,Move,365117,0
668,193,161,Pressed,365197,0
669,193,512,Move,365221,0
669,193,514,Released,365325,0
669,193,512,Move,365326,0
669,193,512,Move,365331,0
666,194,512,Move,365518,0
666,195,512,Move,365525,0
664,195,512,Move,365533,0
661,195,512,Move,365630,0
659,196,512,Move,365645,0
655,198,512,Move,365653,0
652,193,512,Move,365886,0
649,187,512,Move,365893,0
648,185,512,Move,365901,0
648,184,512,Move,365909,0
648,183,512,Move,365917,0
651,181,512,Move,365925,0
651,179,512,Move,365933,0
656,175,512,Move,365941,0
659,172,512,Move,365949,0
659,170,512,Move,365957,0
660,169,512,Move,365965,0
661,167,512,Move,365973,0
665,165,512,Move,365981,0
676,152,512,Move,365989,0
680,150,512,Move,365997,0
682,149,512,Move,366005,0
696,141,512,Move,366013,0
711,130,512,Move,366021,0
731,122,512,Move,366029,0
733,120,512,Move,366037,0
746,115,512,Move,366045,0
758,109,512,Move,366053,0
761,107,512,Move,366061,0
762,106,512,Move,366117,0
763,106,512,Move,366125,0
763,104,512,Move,366141,0
764,103,512,Move,366149,0
764,102,512,Move,366165,0
765,102,512,Move,366229,0
766,102,512,Move,366237,0
768,100,512,Move,366245,0
771,99,512,Move,366253,0
774,96,512,Move,366261,0
775,95,512,Move,366269,0
778,92,512,Move,366277,0
779,91,512,Move,366285,0
781,89,512,Move,366293,0
784,87,160,Move,366301,0
788,86,160,Move,366309,0
795,77,160,Move,366317,0
805,67,160,Move,366325,0
810,64,160,Move,366333,0
816,61,160,Move,366341,0
830,51,512,Move,366357,0
834,49,512,Move,366365,0
839,48,512,Move,366373,0
842,45,512,Move,366381,0
843,44,512,Move,366389,0
844,44,512,Move,366397,0
845,44,512,Move,366429,0
846,42,512,Move,366445,0
846,42,512,Move,366578,0
844,43,512,Move,366589,0
843,45,512,Move,366597,0
842,46,512,Move,366605,0
841,49,512,Move,366613,0
840,50,512,Move,366621,0
840,51,512,Move,366637,0
838,52,512,Move,366645,0
838,53,512,Move,366685,0
836,58,160,Move,366718,0
836,61,160,Move,366725,0
836,62,160,Move,366733,0
836,64,160,Move,366741,0
836,65,160,Move,366749,0
836,66,160,Move,366757,0
836,68,160,Move,366781,0
836,68,161,Pressed,367013,0
836,68,514,Released,367093,0
874,79,512,Move,369905,0
874,79,512,Move,369917,0
874,79,512,Move,369932,0
874,79,512,Move,369936,0
871,80,512,Move,369973,0
868,80,512,Move,369981,0
864,80,512,Move,369989,0
860,80,512,Move,369997,0
859,80,512,Move,370005,0
850,81,512,Move,370021,0
831,81,512,Move,370029,0
814,85,512,Move,370037,0
790,96,512,Move,370045,0
788,97,512,Move,370053,0
767,106,512,Move,370061,0
744,122,512,Move,370069,0
711,140,512,Move,370077,0
673,166,512,Move,370085,0
648,178,512,Move,370093,0
595,201,512,Move,370101,0
560,217,512,Move,370109,0
546,221,512,Move,370117,0
518,231,512,Move,370125,0
470,243,512,Move,370133,0
458,245,512,Move,370141,0
427,254,512,Move,370149,0
405,263,512,Move,370157,0
388,269,512,Move,370173,0
384,271,512,Move,370181,0
373,276,512,Move,370197,0
370,278,512,Move,370205,0
366,282,512,Move,370221,0
348,295,512,Move,370229,0
331,313,512,Move,370237,0
324,314,512,Move,370253,0
315,324,512,Move,370261,0
310,327,512,Move,370269,0
310,330,512,Move,370277,0
298,343,512,Move,370285,0
281,360,512,Move,370293,0
270,373,512,Move,370301,0
255,393,512,Move,370309,0
244,407,512,Move,370317,0
234,422,512,Move,370325,0
221,435,512,Move,370333,0
219,437,512,Move,370341,0
205,449,512,Move,370349,0
199,454,512,Move,370357,0
197,454,512,Move,370653,0
188,455,512,Move,370661,0
175,457,512,Move,370669,0
175,457,512,Move,370671,0
173,457,512,Move,370685,0
162,461,512,Move,370693,0
148,470,512,Move,370701,0
148,470,512,Move,370702,0
136,475,512,Move,370709,0
127,479,512,Move,370717,0
122,484,512,Move,370725,0
111,488,512,Move,370733,0
101,493,512,Move,370741,0
100,494,512,Move,370749,0
95,497,512,Move,370757,0
90,502,512,Move,370765,0
87,503,512,Move,370773,0
85,506,512,Move,370781,0
82,509,512,Move,370805,0
80,512,512,Move,370813,0
79,513,512,Move,370821,0
77,517,512,Move,370829,0
77,521,512,Move,370837,0
75,525,512,Move,370845,0
75,526,512,Move,370853,0
75,528,512,Move,370861,0
76,529,512,Move,370949,0
76,530,512,Move,370957,0
77,531,512,Move,370973,0
79,531,512,Move,370981,0
80,531,512,Move,370989,0
81,531,512,Move,371021,0
85,531,512,Move,371029,0
89,531,512,Move,371037,0
92,529,512,Move,371045,0
93,529,512,Move,371053,0
94,527,512,Move,371061,0
96,526,512,Move,371077,0
96,525,512,Move,371093,0
97,524,512,Move,371101,0
98,523,512,Move,371117,0
98,522,512,Move,371125,0
99,521,512,Move,371133,0
99,519,512,Move,371141,0
100,517,512,Move,371157,0
100,516,512,Move,371165,0
100,515,512,Move,371173,0
101,515,512,Move,371181,0
101,515,513,Pressed,371245,0
101,515,512,Move,371246,0
101,515,514,Released,371349,0
101,515,512,Move,371350,0
101,515,515,doubleclick,371413,0
101,515,512,Move,371418,0
101,515,514,Released,371549,0
101,515,512,Move,371647,0
101,515,512,Move,371649,0
101,515,512,Move,371663,0
101,515,512,Move,371663,0
101,515,512,Move,371663,0
101,515,512,Move,371664,0
101,515,512,Move,371673,0
101,515,512,Move,371674,0
101,515,512,Move,371676,0
101,515,512,Move,371676,0
101,515,512,Move,371677,0
101,515,512,Move,371677,0
101,515,512,Move,371677,0
101,515,512,Move,371678,0
101,515,512,Move,371678,0
101,515,512,Move,371680,0
101,515,512,Move,371681,0
101,515,512,Move,371681,0
762,56,512,Move,373117,0
765,56,512,Move,373133,0
779,52,512,Move,373141,0
791,48,512,Move,373149,0
795,48,512,Move,373157,0
793,49,512,Move,373237,0
793,51,512,Move,373245,0
791,57,512,Move,373253,0
860,83,512,Move,374320,0
860,83,512,Move,374346,0
860,83,512,Move,374351,0
858,88,512,Move,374533,0
855,89,512,Move,374541,0
840,107,512,Move,374549,0
830,117,512,Move,374557,0
829,119,512,Move,374565,0
799,157,512,Move,374573,0
740,220,512,Move,374581,0
730,229,512,Move,374589,0
729,229,512,Move,374605,0
715,237,512,Move,374613,0
701,245,512,Move,374621,0
683,260,512,Move,374629,0
660,279,512,Move,374645,0
615,318,512,Move,374653,0
592,331,512,Move,374661,0
581,335,512,Move,374669,0
580,335,512,Move,374901,0
579,335,512,Move,374909,0
575,335,512,Move,374917,0
572,336,512,Move,374925,0
561,339,512,Move,374933,0
544,350,512,Move,374941,0
522,364,512,Move,374965,0
507,374,512,Move,374973,0
504,375,512,Move,374981,0
500,380,512,Move,374989,0
490,388,512,Move,374997,0
467,409,512,Move,375005,0
455,417,512,Move,375013,0
439,437,512,Move,375021,0
436,444,512,Move,375029,0
426,456,512,Move,375037,0
415,468,512,Move,375045,0
403,481,512,Move,375053,0
400,487,512,Move,375061,0
394,494,512,Move,375069,0
385,502,512,Move,375077,0
373,512,512,Move,375085,0
365,522,512,Move,375093,0
357,531,512,Move,375101,0
352,538,512,Move,375109,0
337,551,512,Move,375117,0
332,555,512,Move,375125,0
331,557,512,Move,375133,0
320,565,512,Move,375141,0
319,566,512,Move,375149,0
304,576,512,Move,375157,0
303,577,512,Move,375173,0
283,590,512,Move,375181,0
271,598,512,Move,375189,0
266,601,512,Move,375197,0
251,612,512,Move,375205,0
231,625,512,Move,375213,0
214,641,512,Move,375221,0
207,648,512,Move,375229,0
205,649,512,Move,375237,0
200,655,512,Move,375245,0
200,656,512,Move,375253,0
195,662,512,Move,375261,0
191,665,512,Move,375269,0
186,668,512,Move,375285,0
182,668,512,Move,375293,0
182,668,512,Move,375332,0
179,668,512,Move,375541,0
178,668,512,Move,375549,0
178,669,512,Move,375557,0
175,669,512,Move,375565,0
174,670,512,Move,375573,0
174,671,512,Move,375589,0
172,673,512,Move,375597,0
172,674,512,Move,375613,0
170,678,512,Move,375621,0
169,684,512,Move,375629,0
163,694,512,Move,375637,0
162,700,512,Move,375645,0
162,701,512,Move,375669,0
160,704,512,Move,375685,0
159,704,512,Move,375693,0
159,706,512,Move,375701,0
157,710,512,Move,375709,0
156,711,512,Move,375733,0
156,713,512,Move,375765,0
154,715,512,Move,375869,0
145,722,512,Move,375877,0
133,730,512,Move,375885,0
129,735,512,Move,375893,0
127,738,512,Move,375917,0
126,738,512,Move,375941,0
126,739,512,Move,375949,0
124,740,512,Move,375957,0
123,742,512,Move,375965,0
122,742,512,Move,375973,0
122,743,512,Move,376013,0
120,743,512,Move,376101,0
120,744,512,Move,376109,0
120,745,512,Move,376117,0
120,746,512,Move,376213,0
120,747,512,Move,376253,0
120,747,512,Move,376257,0
120,748,512,Move,376341,0
120,749,512,Move,376357,0
120,750,512,Move,376389,0
120,750,513,Pressed,376501,0
120,750,512,Move,376503,0
120,750,514,Released,376589,0
120,750,512,Move,376691,0
120,750,512,Move,376971,0
120,750,512,Move,376984,0
120,750,512,Move,376989,0
120,750,512,Move,376991,0
120,750,512,Move,376991,0
120,750,512,Move,376991,0
120,750,512,Move,376992,0
120,750,512,Move,377002,0
120,750,512,Move,377002,0
120,750,512,Move,377003,0
120,750,512,Move,377003,0
120,750,512,Move,377003,0
120,750,512,Move,377004,0
120,750,512,Move,377005,0
120,750,512,Move,377005,0
120,750,512,Move,377005,0
120,750,512,Move,377006,0
120,750,512,Move,377006,0
120,750,512,Move,377006,0
120,750,512,Move,377020,0
120,750,512,Move,377021,0
120,750,512,Move,377021,0
120,750,512,Move,377021,0
120,750,512,Move,377022,0
120,750,512,Move,377022,0
120,750,512,Move,377022,0
120,750,512,Move,377023,0
120,750,512,Move,377023,0
120,750,512,Move,377023,0
120,750,512,Move,377024,0
120,750,512,Move,377024,0
120,750,512,Move,377158,0
120,750,512,Move,377159,0
120,750,512,Move,377161,0
120,750,512,Move,377175,0
120,750,512,Move,377175,0
120,750,512,Move,377182,0
120,750,512,Move,377183,0
120,750,512,Move,377183,0
120,750,512,Move,377184,0
120,750,512,Move,377184,0
120,750,512,Move,377185,0
120,750,512,Move,377185,0
120,750,512,Move,377185,0
120,750,512,Move,377186,0
120,750,512,Move,377186,0
120,750,512,Move,377186,0
120,750,512,Move,377193,0
120,750,512,Move,377194,0
120,750,512,Move,377195,0
120,750,512,Move,377195,0
120,750,512,Move,377195,0
120,750,512,Move,377196,0
120,750,512,Move,377196,0
120,750,512,Move,377211,0
120,750,512,Move,377212,0
120,750,512,Move,377212,0
120,750,512,Move,377214,0
120,750,512,Move,377216,0
120,750,512,Move,377219,0
120,750,512,Move,377263,0
120,750,512,Move,377264,0
120,750,512,Move,377300,0
120,750,512,Move,377582,0
120,750,512,Move,377583,0
121,747,512,Move,377645,0
121,744,512,Move,377653,0
122,742,512,Move,377661,0
1023,0,512,Move,379017,0
1023,0,512,Move,379017,0
1023,0,512,Move,379037,0
1021,0,512,Move,379213,0
1019,0,512,Move,379221,0
1018,0,512,Move,379229,0
1015,0,512,Move,379237,0
1013,0,512,Move,379253,0
1011,0,512,Move,379277,0
1010,1,512,Move,379285,0
1010,2,512,Move,379293,0
1007,3,512,Move,379301,0
1003,6,512,Move,379309,0
1000,11,512,Move,379317,0
995,15,512,Move,379325,0
992,22,512,Move,379333,0
990,24,512,Move,379341,0
989,29,512,Move,379349,0
983,42,512,Move,379357,0
975,59,512,Move,379365,0
973,61,512,Move,379373,0
973,62,512,Move,379381,0
971,66,512,Move,379389,0
971,69,512,Move,379397,0
967,86,512,Move,379405,0
962,113,512,Move,379413,0
960,142,512,Move,379421,0
958,175,512,Move,379429,0
958,181,512,Move,379437,0
958,200,512,Move,379445,0
955,221,512,Move,379453,0
954,227,512,Move,379461,0
952,251,512,Move,379469,0
950,270,512,Move,379477,0
948,284,512,Move,379485,0
948,288,512,Move,379493,0
942,303,512,Move,379501,0
942,308,512,Move,379509,0
934,325,512,Move,379517,0
920,347,512,Move,379525,0
912,366,512,Move,379533,0
904,379,512,Move,379541,0
897,395,512,Move,379549,0
894,402,512,Move,379557,0
890,416,512,Move,379565,0
882,433,512,Move,379573,0
878,440,512,Move,379581,0
874,454,512,Move,379589,0
870,473,512,Move,379597,0
870,489,512,Move,379605,0
870,495,512,Move,379613,0
870,511,512,Move,379621,0
871,523,512,Move,379629,0
875,534,512,Move,379637,0
879,541,512,Move,379645,0
883,544,512,Move,379653,0
889,545,512,Move,379661,0
894,547,512,Move,379669,0
901,547,512,Move,379677,0
910,547,512,Move,379685,0
918,547,512,Move,379693,0
919,545,512,Move,379701,0
920,545,512,Move,379709,0
920,545,512,Move,379893,0
920,545,512,Move,379893,0
920,545,512,Move,379894,0
920,545,512,Move,379895,0
920,545,512,Move,379896,0
920,545,512,Move,379896,0
920,545,512,Move,379907,0
920,545,512,Move,379909,0
920,545,512,Move,379909,0
926,545,512,Move,379949,0
934,545,512,Move,379957,0
947,545,512,Move,379965,0
958,546,512,Move,379973,0
961,548,512,Move,379981,0
974,555,512,Move,379989,0
983,561,512,Move,379997,0
993,573,512,Move,380005,0
1011,586,512,Move,380013,0
1021,596,512,Move,380021,0
1023,603,512,Move,380029,0
1023,606,512,Move,380037,0
1023,613,512,Move,380045,0
1023,618,512,Move,380053,0
1023,622,512,Move,380061,0
1023,624,512,Move,380069,0
1023,625,512,Move,380173,0
998,635,512,Move,380990,0
998,635,512,Move,380991,0
995,633,512,Move,381077,0
987,630,512,Move,381085,0
985,630,512,Move,381093,0
978,625,512,Move,381101,0
975,622,512,Move,381109,0
976,621,512,Move,381293,0
970,621,512,Move,381301,0
960,621,512,Move,381309,0
934,621,512,Move,381317,0
904,618,512,Move,381325,0
886,616,512,Move,381333,0
877,614,512,Move,381341,0
827,606,512,Move,381349,0
822,606,512,Move,381357,0
801,604,512,Move,381365,0
793,605,512,Move,381381,0
734,593,512,Move,381389,0
710,591,512,Move,381397,0
676,586,512,Move,381405,0
650,584,512,Move,381413,0
649,584,512,Move,381421,0
649,581,512,Move,381429,0
613,583,512,Move,381437,0
568,586,512,Move,381445,0
567,586,512,Move,381461,0
536,594,512,Move,381469,0
517,600,512,Move,381477,0
502,608,512,Move,381485,0
501,609,512,Move,381509,0
500,609,512,Move,381533,0
496,611,512,Move,381541,0
496,612,512,Move,381549,0
490,618,512,Move,381557,0
485,621,512,Move,381573,0
468,631,512,Move,381581,0
454,635,512,Move,381589,0
432,646,512,Move,381597,0
427,649,512,Move,381605,0
426,649,512,Move,381621,0
425,649,512,Move,381629,0
410,655,512,Move,381645,0
401,659,512,Move,381653,0
381,667,512,Move,381661,0
380,667,512,Move,381669,0
366,670,512,Move,381677,0
352,674,512,Move,381685,0
345,677,512,Move,381693,0
326,684,512,Move,381701,0
311,690,512,Move,381709,0
304,695,512,Move,381717,0
277,702,512,Move,381725,0
258,706,512,Move,381733,0
229,708,512,Move,381741,0
191,713,512,Move,381749,0
141,716,512,Move,381757,0
107,719,512,Move,381765,0
90,719,512,Move,381773,0
92,716,512,Move,382061,0
97,713,512,Move,382069,0
98,713,512,Move,382077,0
99,713,512,Move,382101,0
100,715,512,Move,382109,0
102,718,512,Move,382117,0
106,719,512,Move,382125,0
113,722,512,Move,382133,0
117,725,512,Move,382141,0
125,727,512,Move,382149,0
131,729,512,Move,382157,0
140,729,512,Move,382173,0
148,729,512,Move,382181,0
152,729,512,Move,382189,0
158,729,512,Move,382197,0
161,729,512,Move,382205,0
162,727,512,Move,382213,0
163,725,512,Move,382237,0
163,724,512,Move,382245,0
164,721,512,Move,382253,0
164,717,512,Move,382261,0
164,713,512,Move,382269,0
165,712,512,Move,382277,0
165,709,512,Move,382301,0
165,690,512,Move,382309,0
165,674,512,Move,382317,0
165,630,512,Move,382325,0
162,590,512,Move,382333,0
158,571,512,Move,382341,0
158,569,512,Move,382357,0
156,566,512,Move,382365,0
153,557,512,Move,382373,0
148,553,512,Move,382381,0
138,543,512,Move,382389,0
133,536,512,Move,382397,0
126,529,512,Move,382405,0
116,519,512,Move,382413,0
104,515,512,Move,382437,0
98,510,512,Move,382445,0
86,502,512,Move,382453,0
80,493,512,Move,382477,0
75,488,512,Move,382485,0
74,485,512,Move,382493,0
73,484,512,Move,382501,0
71,480,512,Move,382509,0
68,476,512,Move,382517,0
67,470,512,Move,382525,0
64,467,512,Move,382533,0
61,464,512,Move,382541,0
54,457,512,Move,382549,0
50,454,512,Move,382557,0
43,445,512,Move,382573,0
34,440,512,Move,382581,0
32,439,512,Move,382589,0
32,437,512,Move,382597,0
30,438,512,Move,382653,0
30,440,512,Move,382661,0
30,446,512,Move,382669,0
30,447,512,Move,382677,0
30,448,512,Move,382685,0
34,458,512,Move,382693,0
40,467,512,Move,382701,0
48,479,512,Move,382709,0
49,480,512,Move,382717,0
51,481,512,Move,382725,0
62,487,512,Move,382733,0
65,491,512,Move,382741,0
68,493,512,Move,382749,0
68,494,512,Move,382765,0
69,494,512,Move,382773,0
69,495,512,Move,382781,0
71,495,512,Move,382789,0
72,495,512,Move,382853,0
74,495,512,Move,382861,0
76,497,512,Move,382869,0
77,498,512,Move,382877,0
78,498,512,Move,382885,0
81,499,512,Move,382893,0
82,500,512,Move,382925,0
83,502,512,Move,382933,0
86,504,512,Move,382941,0
88,505,512,Move,382949,0
91,506,512,Move,382957,0
93,511,512,Move,382965,0
97,512,512,Move,382973,0
100,514,512,Move,382981,0
101,515,512,Move,382989,0
103,516,512,Move,382997,0
106,517,512,Move,383005,0
109,517,512,Move,383013,0
109,517,513,Pressed,383205,0
109,517,512,Move,383205,0
109,517,514,Released,383285,0
109,517,512,Move,383287,0
109,517,515,doubleclick,383373,0
109,517,512,Move,383378,0
109,517,514,Released,383485,0
109,517,512,Move,383598,0
109,517,512,Move,383600,0
109,517,512,Move,383616,0
109,517,512,Move,383616,0
109,517,512,Move,383627,0
109,517,512,Move,383628,0
109,517,512,Move,383629,0
109,517,512,Move,383632,0
109,517,512,Move,383632,0
109,517,512,Move,383633,0
109,517,512,Move,383633,0
109,517,512,Move,383634,0
109,517,512,Move,383634,0
884,639,512,Move,385669,0
889,638,512,Move,385677,0
895,634,512,Move,385685,0
915,621,512,Move,385693,0
941,602,512,Move,385701,0
954,589,512,Move,385709,0
958,578,512,Move,385717,0
958,567,512,Move,385725,0
956,563,512,Move,385733,0
956,563,512,Move,385816,0
957,563,512,Move,386045,0
957,564,512,Move,386053,0
958,564,512,Move,386061,0
958,565,512,Move,386101,0
958,566,512,Move,386109,0
958,568,512,Move,386117,0
958,569,512,Move,386125,0
956,570,512,Move,386133,0
956,574,512,Move,386141,0
956,577,512,Move,386149,0
951,580,512,Move,386157,0
950,584,512,Move,386173,0
948,585,512,Move,386181,0
946,589,512,Move,386189,0
939,594,512,Move,386197,0
932,602,512,Move,386205,0
929,603,512,Move,386213,0
929,604,512,Move,386245,0
921,610,512,Move,386253,0
916,615,512,Move,386261,0
901,628,512,Move,386269,0
902,628,512,Move,386277,0
899,629,512,Move,386285,0
898,631,512,Move,386293,0
895,634,512,Move,386301,0
892,637,512,Move,386309,0
885,646,512,Move,386317,0
887,663,512,Move,386437,0
889,665,512,Move,386445,0
892,666,512,Move,386453,0
895,669,512,Move,386477,0
895,670,512,Move,386517,0
896,673,512,Move,386525,0
896,675,512,Move,386533,0
897,676,512,Move,386541,0
897,677,512,Move,386549,0
897,679,512,Move,386557,0
902,676,512,Move,387093,0
903,674,512,Move,387101,0
903,668,512,Move,387133,0
903,666,512,Move,387141,0
903,658,512,Move,387149,0
905,639,512,Move,387157,0
909,625,512,Move,387165,0
909,616,512,Move,387173,0
909,606,512,Move,387181,0
909,587,512,Move,387189,0
909,584,512,Move,387197,0
909,572,512,Move,387205,0
909,571,512,Move,387213,0
909,570,512,Move,387221,0
909,564,512,Move,387237,0
907,556,512,Move,387245,0
907,548,512,Move,387253,0
905,542,512,Move,387261,0
905,538,512,Move,387269,0
903,533,512,Move,387277,0
902,530,512,Move,387285,0
902,529,512,Move,387293,0
902,528,512,Move,387301,0
902,528,512,Move,387316,0
902,529,512,Move,388029,0
902,530,512,Move,388037,0
900,531,512,Move,388453,0
900,532,512,Move,388549,0
902,530,512,Move,392133,0
903,528,512,Move,392141,0
895,543,512,Move,399829,0
894,547,512,Move,399837,0
894,549,512,Move,399877,0
894,552,512,Move,399885,0
895,556,512,Move,399893,0
896,558,512,Move,399901,0
896,559,512,Move,399909,0
896,560,512,Move,399941,0
893,560,512,Move,399957,0
892,560,512,Move,399973,0
890,560,512,Move,399989,0
888,560,512,Move,400013,0
887,560,512,Move,400021,0
885,557,512,Move,400037,0
884,556,512,Move,400045,0
745,57,512,Move,400501,0
743,56,512,Move,400509,0
752,52,512,Move,400517,0
764,46,512,Move,400525,0
777,46,512,Move,400533,0
786,42,512,Move,400541,0
790,40,512,Move,400549,0
799,39,512,Move,400557,0
805,39,512,Move,400565,0
813,35,512,Move,400573,0
821,35,512,Move,400581,0
826,35,512,Move,400589,0
830,36,512,Move,400597,0
831,36,512,Move,400605,0
832,37,512,Move,400613,0
833,38,512,Move,400621,0
835,38,512,Move,400629,0
837,39,512,Move,400645,0
842,40,512,Move,400653,0
844,42,512,Move,400661,0
849,45,512,Move,400669,0
850,46,512,Move,400677,0
854,48,512,Move,400685,0
857,50,512,Move,400693,0
857,51,512,Move,400701,0
859,53,512,Move,400709,0
860,55,512,Move,400717,0
858,56,512,Move,400829,0
856,57,512,Move,400837,0
855,58,512,Move,400845,0
854,59,512,Move,400853,0
852,59,512,Move,400861,0
851,59,512,Move,401085,0
851,60,512,Move,401141,0
835,79,512,Move,401701,0
835,79,512,Move,401701,0
833,79,512,Move,402317,0
829,80,512,Move,402325,0
827,83,512,Move,402333,0
820,88,512,Move,402341,0
786,108,512,Move,402349,0
738,137,512,Move,402357,0
718,153,512,Move,402365,0
672,182,512,Move,402373,0
650,195,512,Move,402381,0
643,202,512,Move,402389,0
614,217,512,Move,402397,0
596,227,512,Move,402405,0
582,236,512,Move,402413,0
550,248,512,Move,402421,0
535,254,512,Move,402429,0
527,256,512,Move,402437,0
505,265,512,Move,402445,0
491,267,512,Move,402453,0
487,267,512,Move,402765,0
479,267,512,Move,402773,0
468,267,512,Move,402781,0
467,267,512,Move,402789,0
446,272,512,Move,402797,0
433,272,512,Move,402805,0
406,274,512,Move,402813,0
379,283,512,Move,402821,0
357,290,512,Move,402829,0
338,294,512,Move,402837,0
324,298,512,Move,402845,0
307,304,512,Move,402853,0
292,310,512,Move,402861,0
283,314,512,Move,402869,0
281,315,512,Move,402885,0
278,315,512,Move,402893,0
275,316,512,Move,402909,0
271,316,512,Move,402917,0
268,318,512,Move,402925,0
264,321,512,Move,402941,0
261,323,512,Move,402949,0
257,324,512,Move,402957,0
252,326,512,Move,402965,0
252,327,512,Move,402973,0
249,328,512,Move,402981,0
246,328,512,Move,402989,0
246,329,512,Move,402997,0
242,331,512,Move,403013,0
235,338,512,Move,403021,0
233,341,512,Move,403029,0
227,346,512,Move,403037,0
226,347,512,Move,403045,0
216,353,512,Move,403053,0
204,359,512,Move,403061,0
202,362,512,Move,403069,0
191,367,512,Move,403077,0
188,369,512,Move,403085,0
184,370,512,Move,403093,0
175,375,512,Move,403101,0
164,377,512,Move,403109,0
163,378,512,Move,403117,0
159,380,512,Move,403125,0
156,380,512,Move,403141,0
150,381,512,Move,403149,0
144,381,512,Move,403157,0
140,379,512,Move,403165,0
137,379,512,Move,403173,0
137,377,512,Move,403181,0
137,376,512,Move,403485,0
138,372,512,Move,403493,0
143,364,512,Move,403501,0
149,354,512,Move,403509,0
154,347,512,Move,403517,0
157,341,512,Move,403525,0
161,329,512,Move,403533,0
170,310,512,Move,403541,0
175,300,512,Move,403549,0
177,298,512,Move,403557,0
182,287,512,Move,403565,0
186,270,512,Move,403573,0
192,259,512,Move,403581,0
200,244,512,Move,403589,0
200,231,512,Move,403597,0
201,224,512,Move,403605,0
203,218,512,Move,403613,0
204,207,512,Move,403621,0
204,203,512,Move,403629,0
204,202,512,Move,403637,0
205,195,512,Move,403653,0
207,181,512,Move,403661,0
209,167,512,Move,403669,0
210,161,512,Move,403677,0
212,150,512,Move,403685,0
214,138,512,Move,403693,0
214,128,512,Move,403701,0
214,125,512,Move,403709,0
214,122,512,Move,403725,0
214,118,512,Move,403733,0
214,116,512,Move,403741,0
214,114,512,Move,403781,0
212,121,512,Move,403957,0
212,134,512,Move,403965,0
212,148,512,Move,403973,0
212,161,512,Move,403981,0
212,172,512,Move,403989,0
212,174,512,Move,403997,0
212,177,512,Move,404005,0
212,178,512,Move,404013,0
212,179,512,Move,404021,0
212,182,512,Move,404029,0
212,183,512,Move,404085,0
212,184,512,Move,404093,0
212,185,512,Move,404101,0
212,186,512,Move,404117,0
212,186,513,Pressed,404981,0
212,186,512,Move,404981,0
210,186,512,Move,405093,0
208,186,512,Move,405101,0
203,188,512,Move,405109,0
195,190,512,Move,405121,0
195,190,512,Move,405124,0
194,191,512,Move,405125,0
188,196,512,Move,405133,0
179,201,512,Move,405141,0
176,203,512,Move,405149,0
174,203,512,Move,405165,0
171,203,512,Move,405173,0
167,204,512,Move,405181,0
160,207,512,Move,405189,0
159,207,512,Move,405205,0
157,208,512,Move,405221,0
156,208,512,Move,405229,0
154,209,512,Move,405237,0
153,209,512,Move,405247,0
148,211,512,Move,405253,0
143,213,512,Move,405261,0
142,214,512,Move,405269,0
138,217,512,Move,405277,0
137,218,512,Move,405293,0
133,219,512,Move,405301,0
132,219,512,Move,405309,0
132,220,512,Move,405317,0
130,220,512,Move,405333,0
130,221,512,Move,405381,0
128,221,512,Move,405397,0
128,222,512,Move,405405,0
126,222,512,Move,405413,0
125,222,512,Move,405509,0
123,224,512,Move,405525,0
120,224,512,Move,405533,0
114,227,512,Move,405541,0
111,227,512,Move,405549,0
109,227,512,Move,405557,0
107,227,512,Move,405573,0
104,228,512,Move,405581,0
104,228,512,Move,405583,0
101,228,512,Move,405589,0
100,229,512,Move,405597,0
97,229,512,Move,405605,0
95,230,512,Move,405613,0
94,230,512,Move,405621,0
92,230,512,Move,405629,0
91,230,512,Move,405637,0
89,231,512,Move,405653,0
86,232,512,Move,405661,0
82,235,512,Move,405669,0
79,236,512,Move,405677,0
74,241,512,Move,405685,0
71,244,512,Move,405693,0
70,245,512,Move,405701,0
70,246,512,Move,405733,0
68,247,512,Move,405741,0
67,248,512,Move,405749,0
67,250,512,Move,405757,0
64,251,512,Move,405765,0
63,254,512,Move,405773,0
61,255,512,Move,405781,0
61,255,512,Move,405782,0
60,256,512,Move,405789,0
60,257,512,Move,405805,0
58,258,512,Move,405861,0
58,259,512,Move,405885,0
58,259,512,Move,406081,0
58,259,514,Released,406141,0
58,259,512,Move,406155,0
56,259,512,Move,406197,0
57,260,512,Move,406341,0
57,261,512,Move,406349,0
58,262,512,Move,406357,0
59,262,512,Move,406389,0
60,260,512,Move,406397,0
61,260,512,Move,406421,0
62,258,512,Move,406693,0
63,254,512,Move,406701,0
65,248,512,Move,406709,0
68,242,512,Move,406717,0
68,241,512,Move,406725,0
69,237,512,Move,406733,0
69,231,512,Move,406741,0
74,214,512,Move,406749,0
79,192,512,Move,406757,0
82,183,512,Move,406765,0
88,166,512,Move,406773,0
95,152,512,Move,406781,0
96,143,512,Move,406789,0
100,134,512,Move,406797,0
108,117,512,Move,406813,0
117,100,512,Move,406821,0
123,81,512,Move,406829,0
130,62,512,Move,406837,0
134,50,512,Move,406845,0
135,49,512,Move,406853,0
136,40,512,Move,406861,0
138,34,512,Move,406869,0
138,31,512,Move,406877,0
138,31,512,Move,406880,0
139,23,512,Move,406885,0
141,18,512,Move,406893,0
141,18,512,Move,406893,0
141,16,512,Move,406901,0
141,13,512,Move,406909,0
141,11,512,Move,406917,0
141,8,512,Move,406925,0
141,7,512,Move,406933,0
141,6,512,Move,406941,0
141,5,512,Move,406957,0
138,5,512,Move,407085,0
138,6,512,Move,407093,0
136,6,512,Move,407101,0
134,8,512,Move,407109,0
134,9,512,Move,407117,0
134,10,512,Move,407141,0
131,14,512,Move,407149,0
131,20,512,Move,407157,0
129,25,512,Move,407165,0
128,29,512,Move,407173,0
128,33,512,Move,407181,0
128,36,512,Move,407189,0
128,37,512,Move,407221,0
126,41,512,Move,407309,0
126,47,512,Move,407317,0
126,49,512,Move,407325,0
124,54,512,Move,407333,0
124,56,512,Move,407341,0
124,59,512,Move,407349,0
122,62,512,Move,407357,0
122,63,512,Move,407365,0
120,64,512,Move,407373,0
120,65,512,Move,407381,0
120,68,512,Move,407389,0
118,72,512,Move,407397,0
117,75,512,Move,407405,0
117,77,512,Move,407413,0
115,78,512,Move,407421,0
115,81,512,Move,407429,0
115,82,512,Move,407445,0
115,83,512,Move,407453,0
115,84,512,Move,407461,0
113,85,512,Move,407477,0
113,86,512,Move,407493,0
113,88,512,Move,407509,0
113,89,512,Move,407581,0
113,89,512,Move,407582,0
113,90,512,Move,407605,0
113,92,512,Move,407629,0
113,93,512,Move,407645,0
113,96,512,Move,407661,0
113,97,512,Move,407669,0
113,98,512,Move,407685,0
113,99,512,Move,407693,0
113,99,513,Pressed,407893,0
113,99,512,Move,407893,0
110,107,512,Move,408053,0
110,107,512,Move,408056,0
110,107,512,Move,408058,0
104,116,512,Move,408061,0
100,125,512,Move,408069,0
97,132,512,Move,408077,0
96,136,512,Move,408085,0
93,139,512,Move,408093,0
88,148,512,Move,408101,0
88,153,512,Move,408109,0
85,158,512,Move,408117,0
81,164,512,Move,408125,0
81,170,512,Move,408133,0
81,171,512,Move,408141,0
79,175,512,Move,408157,0
76,184,512,Move,408165,0
73,188,512,Move,408173,0
69,197,512,Move,408181,0
66,201,512,Move,408189,0
63,208,512,Move,408197,0
63,208,512,Move,408199,0
62,212,512,Move,408205,0
61,213,512,Move,408229,0
61,214,512,Move,408237,0
58,217,512,Move,408245,0
58,217,512,Move,408248,0
56,221,512,Move,408253,0
55,227,512,Move,408261,0
53,232,512,Move,408269,0
53,234,512,Move,408285,0
53,237,512,Move,408293,0
51,240,512,Move,408301,0
51,244,512,Move,408309,0
51,248,512,Move,408317,0
51,248,512,Move,408318,0
51,251,512,Move,408325,0
51,252,512,Move,408333,0
51,253,512,Move,408341,0
49,254,512,Move,408349,0
49,257,512,Move,408357,0
49,259,512,Move,408365,0
50,260,512,Move,408373,0
50,261,512,Move,408381,0
50,263,512,Move,408389,0
50,265,512,Move,408397,0
50,266,512,Move,408405,0
50,268,512,Move,408413,0
50,270,512,Move,408421,0
50,271,512,Move,408429,0
50,272,512,Move,408437,0
50,273,512,Move,408445,0
50,274,512,Move,408453,0
48,275,512,Move,408477,0
48,276,512,Move,408517,0
48,278,512,Move,408565,0
46,278,512,Move,408573,0
46,279,512,Move,408605,0
47,279,512,Move,408733,0
47,277,512,Move,408741,0
47,275,512,Move,408749,0
47,272,512,Move,408757,0
47,271,512,Move,408773,0
48,270,512,Move,408789,0
48,268,512,Move,408805,0
48,267,512,Move,408813,0
48,264,512,Move,408821,0
48,262,512,Move,408829,0
48,260,512,Move,408837,0
48,259,512,Move,408845,0
48,258,512,Move,408853,0
48,257,512,Move,408861,0
48,256,512,Move,408869,0
48,255,512,Move,408877,0
48,255,514,Released,409189,0
48,255,512,Move,409191,0
46,255,512,Move,409229,0
45,255,512,Move,409237,0
45,253,512,Move,409325,0
43,251,512,Move,409333,0
43,253,512,Move,409669,0
43,257,512,Move,409677,0
43,262,512,Move,409685,0
43,268,512,Move,409693,0
41,274,512,Move,409701,0
41,278,512,Move,409773,0
39,288,512,Move,409781,0
37,293,512,Move,409789,0
37,295,512,Move,409797,0
35,296,512,Move,409813,0
35,298,512,Move,409821,0
35,299,512,Move,409829,0
35,301,512,Move,409837,0
35,302,512,Move,409853,0
35,303,512,Move,409877,0
35,306,512,Move,409885,0
35,308,512,Move,409893,0
35,313,512,Move,409901,0
33,315,512,Move,409909,0
33,317,512,Move,409933,0
33,322,512,Move,409957,0
33,326,512,Move,409965,0
33,334,512,Move,409973,0
33,342,512,Move,409981,0
33,343,512,Move,409997,0
33,346,512,Move,410005,0
31,349,512,Move,410013,0
31,350,512,Move,410021,0
31,351,512,Move,410029,0
31,358,512,Move,410037,0
31,366,512,Move,410045,0
31,374,512,Move,410053,0
31,379,512,Move,410069,0
31,383,512,Move,410077,0
31,389,512,Move,410085,0
29,393,512,Move,410093,0
29,396,512,Move,410101,0
29,402,512,Move,410109,0
29,404,512,Move,410117,0
29,407,512,Move,410125,0
29,413,512,Move,410133,0
29,417,512,Move,410149,0
29,418,512,Move,410157,0
29,419,512,Move,410261,0
29,422,512,Move,410269,0
29,423,512,Move,410293,0
30,423,512,Move,410509,0
32,423,512,Move,410541,0
36,424,512,Move,410549,0
41,425,512,Move,410557,0
45,428,512,Move,410565,0
52,432,512,Move,410573,0
58,432,512,Move,410581,0
64,432,512,Move,410589,0
72,430,512,Move,410597,0
73,430,512,Move,410605,0
69,428,512,Move,410901,0
62,427,512,Move,410909,0
61,427,512,Move,410917,0
60,427,512,Move,410933,0
59,427,512,Move,410941,0
57,427,512,Move,410949,0
54,428,512,Move,410957,0
51,432,512,Move,410965,0
50,433,512,Move,410973,0
45,439,512,Move,410981,0
38,446,512,Move,410989,0
33,456,512,Move,411005,0
29,462,512,Move,411013,0
25,474,512,Move,411021,0
24,477,512,Move,411029,0
22,485,512,Move,411037,0
21,494,512,Move,411045,0
21,498,512,Move,411053,0
21,504,512,Move,411061,0
21,505,512,Move,411069,0
21,510,512,Move,411077,0
21,516,512,Move,411085,0
21,519,512,Move,411093,0
21,521,512,Move,411101,0
21,526,512,Move,411109,0
21,527,512,Move,411117,0
21,528,512,Move,411125,0
21,532,512,Move,411133,0
21,534,512,Move,411141,0
21,537,512,Move,411149,0
19,543,512,Move,411157,0
19,549,512,Move,411165,0
19,553,512,Move,411173,0
19,558,512,Move,411181,0
19,562,512,Move,411189,0
19,568,512,Move,411197,0
19,572,512,Move,411205,0
19,575,512,Move,411213,0
19,579,512,Move,411221,0
19,583,512,Move,411229,0
19,584,512,Move,411237,0
19,585,512,Move,411253,0
19,588,512,Move,411261,0
19,589,512,Move,411269,0
19,590,512,Move,411277,0
20,591,512,Move,411285,0
21,591,512,Move,411293,0
23,593,512,Move,411301,0
25,596,512,Move,411309,0
26,597,512,Move,411325,0
30,601,512,Move,411333,0
30,602,512,Move,411341,0
31,603,512,Move,411349,0
33,606,512,Move,411357,0
35,609,512,Move,411365,0
35,610,512,Move,411381,0
36,610,512,Move,411389,0
36,611,512,Move,411397,0
36,613,512,Move,411405,0
37,614,512,Move,411421,0
37,615,512,Move,411429,0
37,616,512,Move,411445,0
37,618,512,Move,411453,0
37,619,512,Move,411469,0
38,620,512,Move,411485,0
38,621,512,Move,411493,0
38,622,512,Move,411509,0
38,623,512,Move,411525,0
38,624,512,Move,411541,0
38,626,512,Move,411557,0
38,627,512,Move,411565,0
38,628,512,Move,411573,0
38,629,512,Move,411581,0
38,630,512,Move,411589,0
39,631,512,Move,411597,0
39,632,512,Move,411605,0
39,635,512,Move,411613,0
39,637,512,Move,411621,0
39,639,512,Move,411629,0
39,641,512,Move,411637,0
39,642,512,Move,411645,0
39,643,512,Move,411653,0
39,644,512,Move,411661,0
39,645,512,Move,411669,0
39,648,512,Move,411677,0
39,650,512,Move,411685,0
39,652,512,Move,411693,0
39,653,512,Move,411717,0
39,655,512,Move,411725,0
39,656,512,Move,411733,0
39,659,512,Move,411741,0
40,660,512,Move,411749,0
40,662,512,Move,411757,0
41,663,512,Move,411765,0
42,666,512,Move,411773,0
43,669,512,Move,411781,0
46,670,512,Move,411789,0
47,673,512,Move,411797,0
50,674,512,Move,411805,0
50,677,512,Move,411813,0
50,678,512,Move,411821,0
51,679,512,Move,411829,0
52,680,512,Move,411837,0
53,681,512,Move,411845,0
56,685,512,Move,411853,0
57,686,512,Move,411877,0
58,687,512,Move,411885,0
59,689,512,Move,411893,0
60,690,512,Move,411901,0
63,690,512,Move,411909,0
65,691,512,Move,411917,0
66,691,512,Move,411925,0
69,692,512,Move,411933,0
70,692,512,Move,411981,0
71,692,512,Move,411989,0
74,692,512,Move,411997,0
75,692,512,Move,412005,0
77,692,512,Move,412013,0
80,692,512,Move,412021,0
84,692,512,Move,412029,0
88,692,512,Move,412037,0
93,692,512,Move,412045,0
97,692,512,Move,412053,0
98,692,512,Move,412069,0
99,692,512,Move,412077,0
101,692,512,Move,412085,0
104,692,512,Move,412101,0
105,692,512,Move,412109,0
106,692,512,Move,412117,0
107,690,512,Move,412125,0
110,690,512,Move,412133,0
111,688,512,Move,412141,0
112,688,512,Move,412149,0
113,686,512,Move,412157,0
114,686,512,Move,412165,0
116,686,512,Move,412173,0
116,684,512,Move,412181,0
117,684,512,Move,412197,0
118,684,512,Move,412213,0
118,682,512,Move,412221,0
118,681,512,Move,412277,0
119,681,512,Move,412285,0
119,679,512,Move,412293,0
119,678,512,Move,412325,0
120,677,512,Move,412357,0
118,677,512,Move,412373,0
118,675,512,Move,412405,0
118,675,512,Move,412427,0
118,674,512,Move,412437,0
116,674,512,Move,412661,0
116,674,513,Pressed,412797,0
116,674,512,Move,412797,0
116,672,512,Move,412933,0
114,671,512,Move,412941,0
114,670,512,Move,412949,0
114,668,512,Move,412957,0
114,668,512,Move,412959,0
114,668,512,Move,412962,0
114,667,512,Move,412965,0
112,663,512,Move,412973,0
112,658,512,Move,412981,0
110,656,512,Move,412989,0
110,651,512,Move,412997,0
110,645,512,Move,413021,0
110,635,512,Move,413029,0
110,622,512,Move,413037,0
110,622,512,Move,413038,0
110,614,512,Move,413045,0
110,600,512,Move,413053,0
110,599,512,Move,413077,0
108,588,512,Move,413085,0
106,584,512,Move,413093,0
106,579,512,Move,413125,0
106,561,512,Move,413133,0
106,561,512,Move,413135,0
101,542,512,Move,413141,0
101,542,512,Move,413142,0
101,528,512,Move,413149,0
99,522,512,Move,413173,0
99,503,512,Move,413181,0
99,502,512,Move,413189,0
99,501,512,Move,413205,0
99,494,512,Move,413213,0
94,480,512,Move,413221,0
94,480,512,Move,413223,0
91,471,512,Move,413229,0
89,460,512,Move,413237,0
87,449,512,Move,413245,0
84,446,512,Move,413253,0
84,443,512,Move,413261,0
84,442,512,Move,413269,0
82,435,512,Move,413276,0
81,429,512,Move,413285,0
79,424,512,Move,413292,0
78,418,512,Move,413301,0
78,416,512,Move,413309,0
76,416,512,Move,413325,0
75,413,512,Move,413349,0
75,410,512,Move,413357,0
73,409,512,Move,413365,0
72,408,512,Move,413372,0
70,408,512,Move,413381,0
67,408,512,Move,413388,0
63,408,512,Move,413405,0
60,408,512,Move,413413,0
56,408,512,Move,413420,0
55,408,512,Move,413429,0
54,408,512,Move,413437,0
53,408,512,Move,413541,0
51,405,512,Move,413549,0
51,404,512,Move,413557,0
49,403,512,Move,413589,0
49,400,512,Move,413597,0
49,399,512,Move,413605,0
49,398,512,Move,413621,0
49,394,512,Move,413628,0
49,386,512,Move,413637,0
49,382,512,Move,413645,0
49,381,512,Move,413676,0
50,380,512,Move,413685,0
51,376,512,Move,413709,0
52,371,512,Move,413719,0
54,367,512,Move,413725,0
55,363,512,Move,413732,0
55,361,512,Move,413781,0
55,359,512,Move,413788,0
55,358,512,Move,413805,0
55,357,512,Move,413812,0
55,356,512,Move,413837,0
53,347,512,Move,413868,0
51,338,512,Move,413877,0
49,327,512,Move,413885,0
49,327,512,Move,413887,0
48,322,512,Move,413892,0
45,314,512,Move,413901,0
38,297,512,Move,413908,0
38,297,512,Move,413910,0
37,294,512,Move,413917,0
37,290,512,Move,413940,0
37,289,512,Move,413956,0
37,284,512,Move,413965,0
37,278,512,Move,413973,0
37,277,512,Move,413980,0
37,275,512,Move,414004,0
38,275,512,Move,414301,0
39,275,512,Move,414316,0
40,275,512,Move,414324,0
41,273,512,Move,414332,0
42,273,512,Move,414349,0
42,273,514,Released,414565,0
42,273,512,Move,414567,0
46,273,512,Move,414949,0
52,273,512,Move,414956,0
53,273,512,Move,414964,0
61,277,512,Move,414973,0
70,285,512,Move,414980,0
83,297,512,Move,414988,0
87,302,512,Move,414996,0
90,305,512,Move,415004,0
93,309,512,Move,415012,0
100,318,512,Move,415020,0
111,333,512,Move,415028,0
118,342,512,Move,415036,0
126,352,512,Move,415044,0
132,369,512,Move,415052,0
136,375,512,Move,415060,0
140,387,512,Move,415068,0
141,391,512,Move,415076,0
143,408,512,Move,415084,0
143,414,512,Move,415092,0
143,426,512,Move,415100,0
145,442,512,Move,415108,0
146,447,512,Move,415116,0
146,448,512,Move,415124,0
146,450,512,Move,415132,0
146,456,512,Move,415140,0
146,464,512,Move,415148,0
146,483,512,Move,415156,0
146,499,512,Move,415164,0
146,503,512,Move,415172,0
146,504,512,Move,415188,0
146,513,512,Move,415196,0
146,514,512,Move,415204,0
146,516,512,Move,415212,0
146,518,512,Move,415220,0
148,521,512,Move,415228,0
148,522,512,Move,415261,0
150,523,512,Move,415268,0
154,523,512,Move,415276,0
157,523,512,Move,415284,0
158,523,512,Move,415292,0
159,520,512,Move,415332,0
159,519,512,Move,415340,0
161,515,512,Move,415348,0
166,504,512,Move,415356,0
177,490,512,Move,415364,0
183,473,512,Move,415372,0
186,468,512,Move,415380,0
186,467,512,Move,415388,0
187,460,512,Move,415396,0
191,441,512,Move,415404,0
192,440,512,Move,415412,0
192,433,512,Move,415420,0
192,427,512,Move,415436,0
192,424,512,Move,415444,0
192,423,512,Move,415452,0
192,422,512,Move,415460,0
192,421,512,Move,415508,0
192,421,512,Move,416067,0
189,421,512,Move,416205,0
187,421,512,Move,416212,0
184,421,512,Move,416220,0
184,413,512,Move,416324,0
186,388,512,Move,416332,0
186,388,512,Move,416333,0
186,362,512,Move,416340,0
186,318,512,Move,416348,0
186,294,512,Move,416356,0
183,267,512,Move,416364,0
183,261,512,Move,416372,0
183,253,512,Move,416380,0
183,205,512,Move,416388,0
183,172,512,Move,416396,0
183,151,512,Move,416404,0
184,142,512,Move,416428,0
184,131,512,Move,416436,0
184,118,512,Move,416444,0
185,107,512,Move,416452,0
187,93,512,Move,416460,0
191,84,512,Move,416468,0
194,77,512,Move,416476,0
196,73,512,Move,416484,0
199,68,512,Move,416492,0
202,64,512,Move,416500,0
205,59,512,Move,416508,0
210,53,512,Move,416516,0
213,46,512,Move,416524,0
214,40,512,Move,416532,0
216,37,512,Move,416540,0
216,36,512,Move,416548,0
216,35,512,Move,416684,0
212,35,512,Move,416692,0
211,35,512,Move,416700,0
211,33,512,Move,416708,0
208,32,512,Move,416732,0
208,32,513,Pressed,416997,0
208,32,512,Move,416997,0
207,32,512,Move,417006,0
206,33,512,Move,417012,0
205,34,512,Move,417020,0
203,34,512,Move,417028,0
203,34,512,Move,417031,0
203,34,512,Move,417034,0
201,35,512,Move,417044,0
200,36,512,Move,417052,0
199,36,512,Move,417068,0
199,37,512,Move,417076,0
197,37,512,Move,417084,0
196,39,512,Move,417164,0
193,42,512,Move,417172,0
192,45,512,Move,417180,0
189,49,512,Move,417188,0
189,52,512,Move,417196,0
189,53,512,Move,417220,0
187,53,512,Move,417228,0
185,56,512,Move,417236,0
182,59,512,Move,417244,0
179,62,512,Move,417252,0
176,67,512,Move,417260,0
171,71,512,Move,417268,0
167,74,512,Move,417276,0
164,79,512,Move,417284,0
159,83,512,Move,417292,0
155,86,512,Move,417300,0
152,91,512,Move,417308,0
147,95,512,Move,417316,0
146,98,512,Move,417324,0
143,101,512,Move,417332,0
139,104,512,Move,417340,0
137,107,512,Move,417348,0
133,108,512,Move,417356,0
131,111,512,Move,417364,0
129,114,512,Move,417372,0
127,115,512,Move,417380,0
125,117,512,Move,417388,0
125,120,512,Move,417396,0
122,123,512,Move,417404,0
120,126,512,Move,417412,0
119,128,512,Move,417420,0
118,131,512,Move,417428,0
116,132,512,Move,417436,0
116,135,512,Move,417444,0
116,136,512,Move,417452,0
117,136,512,Move,417572,0
118,136,512,Move,417588,0
119,136,512,Move,417596,0
120,134,512,Move,417604,0
120,133,512,Move,417620,0
121,133,512,Move,417644,0
121,131,512,Move,417652,0
122,130,512,Move,417660,0
123,128,512,Move,417668,0
124,127,512,Move,417684,0
125,125,512,Move,417692,0
126,125,512,Move,417700,0
127,123,512,Move,417716,0
129,123,512,Move,417748,0
129,123,514,Released,417964,0
129,123,512,Move,417968,0
127,123,512,Move,418212,0
127,125,512,Move,418236,0
127,126,512,Move,418244,0
128,129,512,Move,418252,0
128,131,512,Move,418260,0
128,134,512,Move,418268,0
130,137,512,Move,418276,0
130,139,512,Move,418284,0
131,142,512,Move,418292,0
132,146,512,Move,418300,0
136,153,512,Move,418308,0
137,155,512,Move,418316,0
137,156,512,Move,418324,0
137,162,512,Move,418332,0
140,172,512,Move,418340,0
145,179,512,Move,418348,0
149,188,512,Move,418356,0
151,197,512,Move,418364,0
151,201,512,Move,418372,0
151,202,512,Move,418388,0
153,210,512,Move,418396,0
153,218,512,Move,418404,0
153,222,512,Move,418412,0
153,223,512,Move,418420,0
153,226,512,Move,418428,0
153,228,512,Move,418436,0
154,239,512,Move,418444,0
154,240,512,Move,418452,0
154,241,512,Move,418468,0
154,245,512,Move,418476,0
154,246,512,Move,418492,0
154,247,512,Move,418516,0
154,252,512,Move,418524,0
155,258,512,Move,418532,0
157,267,512,Move,418540,0
158,268,512,Move,418548,0
158,271,512,Move,418556,0
159,272,512,Move,418572,0
161,272,512,Move,418580,0
166,274,512,Move,418588,0
167,276,512,Move,418596,0
169,276,512,Move,418604,0
170,277,512,Move,418612,0
171,277,512,Move,418620,0
171,277,512,Move,418653,0
171,275,512,Move,418660,0
171,273,512,Move,418668,0
172,270,512,Move,418676,0
173,267,512,Move,418684,0
173,265,512,Move,418692,0
175,265,512,Move,418700,0
175,262,512,Move,418708,0
175,261,512,Move,418716,0
176,260,512,Move,418780,0
177,259,512,Move,418828,0
178,257,512,Move,418876,0
182,253,512,Move,418884,0
185,249,512,Move,418892,0
186,243,512,Move,418900,0
186,243,512,Move,418901,0
186,242,512,Move,418908,0
187,239,512,Move,418916,0
190,229,512,Move,418924,0
192,220,512,Move,418932,0
193,216,512,Move,418940,0
193,213,512,Move,418948,0
193,212,512,Move,418956,0
193,207,512,Move,418972,0
193,199,512,Move,418980,0
193,193,512,Move,418988,0
193,187,512,Move,418996,0
193,182,512,Move,419004,0
191,176,512,Move,419012,0
188,170,512,Move,419020,0
186,161,512,Move,419028,0
184,152,512,Move,419036,0
182,141,512,Move,419044,0
182,133,512,Move,419052,0
182,132,512,Move,419092,0
182,130,512,Move,419100,0
182,129,512,Move,419108,0
182,127,512,Move,419116,0
182,123,512,Move,419124,0
182,118,512,Move,419132,0
182,116,512,Move,419140,0
182,112,512,Move,419148,0
182,110,512,Move,419156,0
182,108,512,Move,419164,0
183,105,512,Move,419172,0
183,103,512,Move,419180,0
185,101,512,Move,419188,0
185,100,512,Move,419196,0
186,100,512,Move,419204,0
186,98,512,Move,419212,0
187,98,512,Move,419228,0
187,98,513,Pressed,419396,0
187,98,512,Move,419397,0
187,92,512,Move,419508,0
187,92,512,Move,419511,0
187,92,512,Move,419514,0
187,91,512,Move,419516,0
187,86,512,Move,419524,0
187,83,512,Move,419532,0
187,77,512,Move,419540,0
187,76,512,Move,419564,0
187,75,512,Move,419604,0
187,71,512,Move,419612,0
188,70,512,Move,419620,0
188,68,512,Move,419628,0
188,66,512,Move,419636,0
189,65,512,Move,419644,0
189,64,512,Move,419652,0
189,63,512,Move,419660,0
189,62,512,Move,419756,0
190,61,512,Move,419764,0
192,58,512,Move,419772,0
193,57,512,Move,419780,0
194,56,512,Move,419788,0
196,53,512,Move,419796,0
199,49,512,Move,419804,0
202,43,512,Move,419812,0
202,40,512,Move,419820,0
203,37,512,Move,419828,0
204,37,512,Move,419836,0
205,35,512,Move,419844,0
205,34,512,Move,419860,0
205,34,514,Released,420068,0
205,34,512,Move,420070,0
202,36,512,Move,420148,0
199,41,512,Move,420156,0
195,51,512,Move,420164,0
195,52,512,Move,420180,0
193,58,512,Move,420188,0
193,66,512,Move,420196,0
193,82,512,Move,420204,0
191,93,512,Move,420212,0
191,99,512,Move,420220,0
191,114,512,Move,420228,0
191,127,512,Move,420236,0
192,133,512,Move,420244,0
192,137,512,Move,420252,0
192,139,512,Move,420308,0
192,142,512,Move,420316,0
190,147,512,Move,420332,0
187,155,512,Move,420340,0
187,161,512,Move,420348,0
185,164,512,Move,420356,0
185,165,512,Move,420364,0
185,168,512,Move,420372,0
185,170,512,Move,420380,0
183,174,512,Move,420388,0
182,179,512,Move,420396,0
182,181,512,Move,420404,0
182,186,512,Move,420412,0
182,190,512,Move,420420,0
182,193,512,Move,420428,0
182,198,512,Move,420436,0
182,204,512,Move,420444,0
183,209,512,Move,420452,0
183,211,512,Move,420460,0
183,216,512,Move,420468,0
183,217,512,Move,420484,0
183,218,512,Move,420492,0
183,219,512,Move,420508,0
181,222,512,Move,420524,0
181,230,512,Move,420532,0
181,236,512,Move,420540,0
181,242,512,Move,420548,0
181,254,512,Move,420556,0
181,265,512,Move,420564,0
181,267,512,Move,420572,0
181,272,512,Move,420596,0
181,282,512,Move,420604,0
181,286,512,Move,420612,0
181,287,512,Move,420620,0
181,288,512,Move,420628,0
181,289,512,Move,420636,0
181,290,512,Move,420668,0
181,290,512,Move,420754,0
181,292,512,Move,420788,0
181,293,512,Move,420820,0
182,295,512,Move,420828,0
183,296,512,Move,420844,0
184,302,512,Move,420852,0
184,308,512,Move,420860,0
185,309,512,Move,420868,0
185,313,512,Move,420876,0
185,313,512,Move,420877,0
185,317,512,Move,420884,0
185,318,512,Move,420892,0
185,319,512,Move,420900,0
185,323,512,Move,420916,0
185,326,512,Move,420924,0
185,328,512,Move,420932,0
185,329,512,Move,420940,0
185,331,512,Move,420964,0
185,332,512,Move,420980,0
185,333,512,Move,420988,0
185,334,512,Move,420996,0
186,334,512,Move,421052,0
186,336,512,Move,421068,0
186,337,512,Move,421124,0
186,339,512,Move,421132,0
186,344,512,Move,421140,0
186,345,512,Move,421148,0
186,347,512,Move,421156,0
186,347,513,Pressed,421244,0
186,347,512,Move,421245,0
186,342,512,Move,421348,0
186,342,512,Move,421351,0
186,342,512,Move,421354,0
186,321,512,Move,421380,0
186,305,512,Move,421388,0
186,305,512,Move,421391,0
186,292,512,Move,421396,0
186,289,512,Move,421404,0
186,287,512,Move,421412,0
186,281,512,Move,421420,0
186,256,512,Move,421428,0
188,237,512,Move,421436,0
188,237,512,Move,421440,0
188,215,512,Move,421444,0
188,211,512,Move,421452,0
188,207,512,Move,421460,0
188,206,512,Move,421468,0
188,202,512,Move,421476,0
188,190,512,Move,421484,0
188,181,512,Move,421492,0
188,179,512,Move,421500,0
188,176,512,Move,421508,0
188,175,512,Move,421524,0
189,174,512,Move,421612,0
191,170,512,Move,421620,0
193,166,512,Move,421628,0
194,163,512,Move,421636,0
194,157,512,Move,421660,0
194,149,512,Move,421668,0
194,146,512,Move,421676,0
194,138,512,Move,421684,0
195,130,512,Move,421692,0
197,121,512,Move,421700,0
197,115,512,Move,421708,0
197,107,512,Move,421716,0
197,103,512,Move,421724,0
197,100,512,Move,421732,0
195,94,512,Move,421740,0
195,88,512,Move,421748,0
195,84,512,Move,421756,0
195,80,512,Move,421764,0
195,75,512,Move,421772,0
195,71,512,Move,421780,0
195,67,512,Move,421788,0
195,64,512,Move,421796,0
195,63,512,Move,421804,0
195,62,512,Move,421812,0
195,61,512,Move,421820,0
195,62,512,Move,421948,0
195,62,512,Move,421954,0
195,62,512,Move,421955,0
195,62,512,Move,421956,0
195,62,512,Move,421956,0
195,65,512,Move,421957,0
195,65,512,Move,421957,0
195,65,512,Move,421957,0
195,65,512,Move,421957,0
195,65,512,Move,421958,0
195,65,512,Move,421958,0
195,65,512,Move,421958,0
195,65,512,Move,421958,0
195,65,512,Move,421959,0
195,65,512,Move,421959,0
195,65,512,Move,421959,0
195,68,512,Move,421964,0
195,71,512,Move,421972,0
195,75,512,Move,421980,0
195,79,512,Move,421988,0
195,83,512,Move,421996,0
193,86,512,Move,422004,0
193,89,512,Move,422012,0
193,91,512,Move,422020,0
193,94,512,Move,422028,0
193,96,512,Move,422036,0
193,98,512,Move,422044,0
193,99,512,Move,422052,0
193,99,512,Move,422053,0
193,99,512,Move,422053,0
193,99,512,Move,422054,0
193,100,512,Move,422060,0
193,102,512,Move,422068,0
193,105,512,Move,422076,0
193,109,512,Move,422084,0
193,112,512,Move,422092,0
193,113,512,Move,422100,0
193,114,512,Move,422108,0
193,114,514,Released,422220,0
193,114,512,Move,422222,0
191,116,512,Move,422436,0
190,119,512,Move,422444,0
190,123,512,Move,422452,0
190,134,512,Move,422460,0
190,144,512,Move,422468,0
190,150,512,Move,422476,0
190,165,512,Move,422484,0
190,183,512,Move,422492,0
190,202,512,Move,422500,0
191,211,512,Move,422508,0
191,215,512,Move,422516,0
192,238,512,Move,422524,0
194,255,512,Move,422532,0
197,279,512,Move,422540,0
201,305,512,Move,422548,0
201,332,512,Move,422556,0
201,338,512,Move,422564,0
201,348,512,Move,422572,0
201,361,512,Move,422580,0
201,375,512,Move,422588,0
201,386,512,Move,422596,0
201,394,512,Move,422604,0
201,400,512,Move,422612,0
201,403,512,Move,422620,0
201,404,512,Move,422628,0
199,405,512,Move,422636,0
199,406,512,Move,422644,0
199,410,512,Move,422652,0
197,413,512,Move,422660,0
197,417,512,Move,422668,0
197,421,512,Move,422676,0
195,425,512,Move,422684,0
194,430,512,Move,422692,0
189,434,512,Move,422700,0
189,436,512,Move,422708,0
189,437,512,Move,422716,0
189,438,512,Move,422724,0
187,439,512,Move,422732,0
187,443,512,Move,422740,0
185,444,512,Move,422756,0
185,445,512,Move,422764,0
185,448,512,Move,422772,0
185,450,512,Move,422780,0
185,450,512,Move,422910,0
185,450,513,Pressed,422988,0
185,450,512,Move,422989,0
185,447,512,Move,423092,0
186,443,512,Move,423100,0
186,443,512,Move,423103,0
186,443,512,Move,423106,0
186,440,512,Move,423108,0
186,434,512,Move,423116,0
186,431,512,Move,423132,0
186,419,512,Move,423140,0
186,413,512,Move,423148,0
186,403,512,Move,423172,0
186,384,512,Move,423180,0
186,368,512,Move,423188,0
188,349,512,Move,423196,0
188,348,512,Move,423204,0
188,343,512,Move,423212,0
189,328,512,Move,423220,0
193,312,512,Move,423228,0
195,298,512,Move,423236,0
195,298,512,Move,423239,0
197,287,512,Move,423244,0
197,286,512,Move,423252,0
198,280,512,Move,423260,0
199,276,512,Move,423268,0
201,270,512,Move,423276,0
204,265,512,Move,423284,0
205,261,512,Move,423292,0
207,257,512,Move,423300,0
208,252,512,Move,423308,0
208,248,512,Move,423316,0
209,242,512,Move,423324,0
209,242,512,Move,423328,0
211,236,512,Move,423332,0
212,233,512,Move,423340,0
212,230,512,Move,423348,0
213,228,512,Move,423356,0
213,223,512,Move,423364,0
213,221,512,Move,423372,0
213,218,512,Move,423380,0
213,217,512,Move,423388,0
213,216,512,Move,423396,0
213,215,512,Move,423404,0
213,212,512,Move,423412,0
213,211,512,Move,423420,0
213,210,512,Move,423428,0
211,210,512,Move,423516,0
210,210,512,Move,423532,0
209,210,512,Move,423548,0
208,210,512,Move,423564,0
207,210,512,Move,423572,0
206,210,512,Move,423588,0
205,210,512,Move,423596,0
203,210,512,Move,423628,0
202,210,512,Move,423644,0
201,210,512,Move,423652,0
200,208,512,Move,423660,0
199,208,512,Move,423676,0
198,208,512,Move,423684,0
197,208,512,Move,423708,0
197,208,512,Move,423767,0
197,208,514,Released,423900,0
197,208,512,Move,423902,0
197,210,512,Move,424172,0
198,211,512,Move,424180,0
198,215,512,Move,424196,0
199,216,512,Move,424204,0
199,217,512,Move,424212,0
199,218,512,Move,424228,0
202,227,512,Move,424236,0
207,237,512,Move,424244,0
211,251,512,Move,424252,0
213,267,512,Move,424260,0
224,287,512,Move,424268,0
231,309,512,Move,424276,0
232,315,512,Move,424284,0
239,334,512,Move,424292,0
252,370,512,Move,424300,0
256,394,512,Move,424308,0
258,421,512,Move,424316,0
258,427,512,Move,424324,0
259,450,512,Move,424332,0
259,483,512,Move,424340,0
259,506,512,Move,424348,0
260,518,512,Move,424356,0
260,522,512,Move,424364,0
263,541,512,Move,424372,0
270,565,512,Move,424380,0
274,579,512,Move,424388,0
277,584,512,Move,424396,0
277,586,512,Move,424420,0
285,593,512,Move,424428,0
288,596,512,Move,424436,0
291,605,512,Move,424444,0
298,610,512,Move,424452,0
305,615,512,Move,424460,0
310,615,512,Move,424468,0
312,613,512,Move,424476,0
314,610,512,Move,424484,0
314,611,512,Move,424748,0
314,614,512,Move,424756,0
314,619,512,Move,424764,0
314,621,512,Move,424772,0
315,630,512,Move,424780,0
319,641,512,Move,424788,0
323,650,512,Move,424796,0
323,666,512,Move,424804,0
324,680,512,Move,424812,0
324,684,512,Move,424820,0
324,694,512,Move,424828,0
324,708,512,Move,424836,0
325,716,512,Move,424844,0
325,722,512,Move,424852,0
325,724,512,Move,424860,0
325,726,512,Move,424892,0
325,730,512,Move,424900,0
325,735,512,Move,424908,0
325,739,512,Move,424916,0
325,745,512,Move,424924,0
325,747,512,Move,424932,0
325,752,512,Move,424940,0
325,753,512,Move,424948,0
325,754,512,Move,424956,0
323,754,512,Move,424964,0
323,754,513,Pressed,425180,0
323,754,514,Released,425276,0
323,754,512,Move,425277,0
323,754,512,Move,425277,0
323,754,512,Move,425277,0
323,754,512,Move,425284,0
323,754,512,Move,425425,0
323,754,512,Move,425471,0
323,754,512,Move,425471,0
323,754,512,Move,425472,0
323,754,512,Move,425580,0
322,754,512,Move,425684,0
321,754,512,Move,425692,0
320,754,512,Move,425708,0
319,754,512,Move,425716,0
319,755,512,Move,425724,0
321,753,512,Move,425852,0
327,752,512,Move,425860,0
330,752,512,Move,425868,0
334,749,512,Move,425876,0
337,749,512,Move,425884,0
352,743,512,Move,425892,0
360,741,160,Move,425900,0
366,741,160,Move,425908,0
381,741,160,Move,425916,0
397,741,160,Move,425924,0
403,741,160,Move,425932,0
424,739,160,Move,425940,0
450,739,160,Move,425948,0
487,739,160,Move,425956,0
537,741,160,Move,425964,0
553,746,160,Move,425972,0
575,746,160,Move,425980,0
599,746,160,Move,425988,0
609,746,160,Move,425996,0
636,746,160,Move,426004,0
662,746,160,Move,426012,0
667,746,160,Move,426020,0
690,746,160,Move,426028,0
703,746,160,Move,426036,0
709,746,160,Move,426044,0
712,746,160,Move,426052,0
720,744,160,Move,426060,0
726,741,160,Move,426068,0
729,741,160,Move,426076,0
730,741,160,Move,426084,0
730,739,160,Move,426100,0
731,739,160,Move,426108,0
733,737,512,Move,426116,0
734,736,512,Move,426132,0
729,732,512,Move,426220,0
728,731,512,Move,426228,0
724,722,512,Move,426236,0
721,717,512,Move,426244,0
719,709,512,Move,426252,0
112,712,512,Move,426580,0
107,734,512,Move,426588,0
106,738,512,Move,426596,0
106,748,512,Move,426604,0
106,754,512,Move,426612,0
106,762,512,Move,426628,0
108,766,512,Move,426644,0
110,767,512,Move,426652,0
112,767,512,Move,426660,0
115,767,512,Move,426668,0
119,767,512,Move,426676,0
120,767,512,Move,426684,0
130,767,512,Move,426692,0
138,767,512,Move,426700,0
140,767,512,Move,426708,0
142,767,512,Move,426716,0
144,765,512,Move,426724,0
152,765,512,Move,426732,0
156,765,512,Move,426764,0
157,765,512,Move,426772,0
159,765,512,Move,426780,0
160,765,512,Move,426796,0
160,765,512,Move,426801,0
160,762,512,Move,426820,0
161,761,512,Move,426828,0
161,759,512,Move,426844,0
161,756,512,Move,426852,0
161,755,512,Move,426860,0
161,752,512,Move,426868,0
162,751,512,Move,426884,0
162,750,512,Move,426900,0
162,749,512,Move,427076,0
164,749,512,Move,427084,0
165,747,512,Move,427092,0
165,746,512,Move,427100,0
166,746,512,Move,427108,0
166,744,512,Move,427116,0
167,743,512,Move,427124,0
168,742,512,Move,427140,0
169,742,512,Move,427156,0
169,740,512,Move,427164,0
169,739,512,Move,427188,0
169,738,512,Move,427236,0
169,737,512,Move,427252,0
170,736,512,Move,427260,0
170,736,512,Move,427268,0
170,735,512,Move,427268,0
171,734,512,Move,427276,0
171,732,512,Move,427292,0
171,731,512,Move,427300,0
171,730,512,Move,427308,0
171,729,512,Move,427324,0
171,727,512,Move,427332,0
172,722,512,Move,427340,0
173,721,512,Move,427348,0
174,720,512,Move,427356,0
174,720,513,Pressed,427444,0
174,720,512,Move,427446,0
174,720,514,Released,427556,0
174,720,512,Move,427557,0
172,720,512,Move,427652,0
171,720,512,Move,427676,0
170,720,512,Move,427692,0
169,720,512,Move,427708,0
168,720,512,Move,427716,0
167,720,512,Move,427724,0
166,720,512,Move,427772,0
166,721,512,Move,427780,0
164,722,512,Move,427788,0
164,723,512,Move,427796,0
164,725,512,Move,427804,0
164,726,512,Move,427820,0
162,729,512,Move,427828,0
162,732,512,Move,427836,0
162,733,512,Move,427844,0
160,737,512,Move,427852,0
160,739,512,Move,427860,0
158,742,512,Move,427868,0
158,744,512,Move,427876,0
158,746,512,Move,427884,0
161,734,512,Move,427988,0
178,705,512,Move,427996,0
787,52,512,Move,428140,0
794,48,512,Move,428148,0
803,43,512,Move,428156,0
806,40,512,Move,428164,0
807,40,512,Move,428172,0
807,42,512,Move,428180,0
807,43,512,Move,428188,0
808,43,512,Move,428428,0
817,38,512,Move,428436,0
824,35,512,Move,428444,0
826,33,512,Move,428452,0
834,33,512,Move,428460,0
840,33,512,Move,428468,0
843,33,512,Move,428476,0
843,34,512,Move,428532,0
843,36,512,Move,428540,0
844,42,512,Move,428548,0
844,45,512,Move,428556,0
845,51,512,Move,428580,0
846,54,512,Move,428588,0
846,56,512,Move,428596,0
846,57,512,Move,428612,0
846,58,512,Move,428636,0
846,60,512,Move,428652,0
863,75,512,Move,429128,0
863,75,512,Move,429151,0
863,75,512,Move,429155,0
861,76,512,Move,429188,0
857,77,512,Move,429204,0
855,78,512,Move,429212,0
850,80,512,Move,429220,0
847,83,512,Move,429237,0
840,83,512,Move,429244,0
837,85,512,Move,429252,0
820,91,512,Move,429260,0
808,97,512,Move,429268,0
786,106,512,Move,429276,0
785,106,512,Move,429284,0
763,114,512,Move,429292,0
743,125,512,Move,429300,0
724,132,512,Move,429308,0
710,138,512,Move,429316,0
705,139,512,Move,429324,0
680,152,512,Move,429340,0
661,159,512,Move,429356,0
658,160,512,Move,429364,0
634,168,512,Move,429372,0
598,184,512,Move,429380,0
587,188,512,Move,429388,0
563,195,512,Move,429396,0
532,199,512,Move,429404,0
531,199,512,Move,429412,0
529,199,512,Move,429420,0
510,199,512,Move,429428,0
509,199,512,Move,429436,0
509,196,512,Move,429668,0
507,196,512,Move,429676,0
504,196,512,Move,429684,0
498,196,512,Move,429692,0
485,199,512,Move,429700,0
468,210,512,Move,429708,0
445,223,512,Move,429716,0
423,234,512,Move,429724,0
414,240,512,Move,429732,0
388,257,512,Move,429740,0
345,281,512,Move,429748,0
318,298,512,Move,429756,0
309,306,512,Move,429780,0
265,347,512,Move,429788,0
243,371,512,Move,429796,0
242,372,512,Move,429804,0
237,378,512,Move,429812,0
211,409,512,Move,429820,0
200,429,512,Move,429828,0
195,436,512,Move,429836,0
192,445,512,Move,429844,0
186,454,512,Move,429852,0
180,464,512,Move,429860,0
179,465,512,Move,429868,0
178,466,512,Move,429884,0
175,470,512,Move,429900,0
173,471,512,Move,429908,0
168,473,512,Move,429916,0
166,473,512,Move,429924,0
163,470,512,Move,429940,0
161,474,512,Move,430156,0
161,476,512,Move,430164,0
161,478,512,Move,430172,0
161,479,512,Move,430180,0
158,483,512,Move,430196,0
158,484,512,Move,430204,0
156,485,512,Move,430212,0
156,494,512,Move,430228,0
156,500,512,Move,430260,0
156,506,512,Move,430268,0
154,512,512,Move,430276,0
153,516,512,Move,430284,0
153,519,512,Move,430324,0
151,520,512,Move,430332,0
150,520,512,Move,430340,0
149,521,512,Move,430348,0
149,522,512,Move,430364,0
147,523,512,Move,430372,0
146,524,512,Move,430380,0
145,527,512,Move,430388,0
142,531,512,Move,430396,0
141,535,512,Move,430404,0
137,544,512,Move,430412,0
136,547,512,Move,430420,0
136,551,512,Move,430444,0
136,552,512,Move,430452,0
134,553,512,Move,430460,0
134,557,512,Move,430468,0
134,561,512,Move,430476,0
132,567,512,Move,430484,0
130,574,512,Move,430492,0
130,580,512,Move,430500,0
128,586,512,Move,430508,0
127,590,512,Move,430516,0
127,593,512,Move,430524,0
127,595,512,Move,430532,0
127,598,512,Move,430540,0
127,600,512,Move,430548,0
127,600,513,Pressed,430748,0
127,600,512,Move,430749,0
127,600,514,Released,430836,0
127,600,512,Move,430837,0
127,600,515,doubleclick,430908,0
127,600,512,Move,430913,0
127,600,514,Released,431012,0
128,600,512,Move,431156,0
132,594,512,Move,431164,0
137,589,512,Move,431172,0
137,588,512,Move,431180,0
139,585,512,Move,431196,0
144,581,512,Move,431204,0
149,574,512,Move,431212,0
154,569,512,Move,431220,0
163,562,512,Move,431228,0
175,556,512,Move,431236,0
189,547,512,Move,431244,0
189,547,512,Move,431251,0
204,537,512,Move,431252,0
204,537,512,Move,431258,0
204,537,512,Move,431258,0
204,537,512,Move,431258,0
204,537,512,Move,431260,0
204,537,512,Move,431260,0
218,533,512,Move,431260,0
218,533,512,Move,431263,0
218,533,512,Move,431264,0
218,533,512,Move,431264,0
218,533,512,Move,431265,0
230,527,512,Move,431268,0
230,527,512,Move,431273,0
230,527,512,Move,431274,0
230,527,512,Move,431274,0
230,527,512,Move,431276,0
234,524,512,Move,431276,0
266,510,512,Move,431284,0
266,510,512,Move,431287,0
266,510,512,Move,431287,0
266,510,512,Move,431288,0
269,507,512,Move,431292,0
269,507,512,Move,431293,0
269,507,512,Move,431323,0
269,507,512,Move,431323,0
269,507,512,Move,431323,0
269,507,512,Move,431368,0
269,507,512,Move,431372,0
269,507,512,Move,431373,0
269,507,512,Move,431374,0
269,507,512,Move,431374,0
269,507,512,Move,431375,0
269,507,512,Move,431552,0
269,507,512,Move,431562,0
269,505,512,Move,431567,0
269,499,512,Move,431572,0
270,498,512,Move,431580,0
270,495,512,Move,431588,0
272,491,512,Move,431604,0
277,484,512,Move,431612,0
293,467,512,Move,431620,0
304,447,512,Move,431628,0
319,430,512,Move,431636,0
324,425,512,Move,431644,0
328,420,512,Move,431652,0
333,413,512,Move,431660,0
615,493,512,Move,444469,0
615,493,512,Move,444470,0
615,493,512,Move,444543,0
613,493,512,Move,444548,0
612,494,512,Move,444556,0
611,495,512,Move,444572,0
610,495,512,Move,444580,0
606,495,512,Move,444588,0
604,495,512,Move,444604,0
601,495,512,Move,444612,0
602,499,512,Move,444964,0
605,507,512,Move,444972,0
611,522,512,Move,444980,0
690,685,512,Move,445876,0
685,688,512,Move,445884,0
682,693,512,Move,445892,0
681,693,512,Move,445900,0
679,694,512,Move,445916,0
676,694,512,Move,445924,0
673,695,512,Move,445932,0
667,695,512,Move,445940,0
659,695,512,Move,445948,0
653,693,512,Move,445956,0
645,691,512,Move,445964,0
633,689,512,Move,445972,0
632,689,512,Move,445980,0
632,687,512,Move,446116,0
632,687,512,Move,478143,0
632,687,512,Move,478144,0
632,687,512,Move,478148,0
632,687,512,Move,478149,0
632,687,512,Move,478154,0
632,687,512,Move,478160,0
632,687,512,Move,478161,0
632,687,512,Move,478161,0
632,687,512,Move,478162,0
632,687,512,Move,478163,0
632,687,512,Move,478163,0
632,687,512,Move,478164,0
632,687,512,Move,478164,0
632,687,512,Move,478172,0
632,687,512,Move,478173,0
632,687,512,Move,478174,0
632,687,512,Move,478174,0
632,687,512,Move,478175,0
632,687,512,Move,478176,0
632,687,512,Move,478177,0
632,687,512,Move,478178,0
632,687,512,Move,478180,0
634,687,512,Move,479795,0
635,687,512,Move,479803,0
639,687,512,Move,479811,0
655,687,512,Move,479819,0
674,684,512,Move,479827,0
693,684,512,Move,479835,0
709,684,512,Move,479843,0
728,684,512,Move,479851,0
736,684,512,Move,479859,0
747,684,512,Move,479875,0
758,684,512,Move,479883,0
769,682,512,Move,479891,0
780,680,512,Move,479899,0
785,673,512,Move,479907,0
794,656,512,Move,479915,0
794,655,512,Move,479923,0
798,640,512,Move,479931,0
812,614,512,Move,479939,0
825,600,512,Move,479947,0
836,585,512,Move,479955,0
845,577,512,Move,479963,0
852,572,512,Move,479971,0
864,562,512,Move,479987,0
878,558,512,Move,479995,0
888,552,512,Move,480003,0
888,551,512,Move,480011,0
892,545,512,Move,480019,0
893,541,512,Move,480027,0
893,540,512,Move,480035,0
893,536,512,Move,480043,0
893,535,512,Move,480051,0
885,532,512,Move,480083,0
866,530,512,Move,480091,0
852,528,512,Move,480099,0
848,528,512,Move,480115,0
838,528,512,Move,480123,0
827,526,512,Move,480131,0
824,526,512,Move,480139,0
799,526,512,Move,480147,0
769,521,512,Move,480155,0
748,519,512,Move,480163,0
743,519,512,Move,480171,0
735,517,512,Move,480179,0
726,515,512,Move,480187,0
720,514,512,Move,480195,0
716,512,512,Move,480203,0
713,509,512,Move,480211,0
710,508,512,Move,480219,0
707,505,512,Move,480227,0
706,502,512,Move,480235,0
706,501,512,Move,480243,0
704,499,512,Move,480251,0
701,494,512,Move,480259,0
698,490,512,Move,480267,0
697,485,512,Move,480275,0
697,475,512,Move,480307,0
697,462,512,Move,480315,0
695,457,512,Move,480323,0
693,447,512,Move,480331,0
692,443,512,Move,480339,0
692,441,512,Move,480355,0
692,439,512,Move,480363,0
690,438,512,Move,480371,0
689,437,512,Move,480379,0
688,437,512,Move,480387,0
686,437,512,Move,480395,0
685,437,512,Move,480403,0
683,437,512,Move,480491,0
683,435,512,Move,480515,0
683,434,512,Move,480523,0
666,272,512,Move,482114,0
666,272,512,Move,482121,0
666,272,512,Move,482129,0
666,272,512,Move,482130,0
666,272,512,Move,482130,0
666,273,512,Move,482171,0
663,274,512,Move,482179,0
660,277,512,Move,482187,0
654,280,512,Move,482195,0
647,285,512,Move,482203,0
644,287,512,Move,482211,0
633,294,512,Move,482219,0
632,294,512,Move,482227,0
628,298,512,Move,482235,0
621,305,512,Move,482251,0
613,314,512,Move,482259,0
598,329,512,Move,482267,0
554,374,512,Move,482275,0
520,414,512,Move,482283,0
505,429,512,Move,482291,0
475,464,512,Move,482299,0
475,467,512,Move,482307,0
463,484,512,Move,482315,0
427,534,512,Move,482323,0
394,588,512,Move,482331,0
372,621,512,Move,482339,0
353,653,512,Move,482347,0
345,670,512,Move,482355,0
339,687,512,Move,482363,0
320,724,512,Move,482371,0
317,730,512,Move,482379,0
306,752,160,Move,482387,0
304,764,160,Move,482395,0
302,767,160,Move,482403,0
301,767,160,Move,482411,0
297,764,160,Move,482651,0
296,763,160,Move,482659,0
290,760,160,Move,482667,0
284,758,160,Move,482675,0
280,757,160,Move,482683,0
263,755,160,Move,482699,0
242,755,160,Move,482707,0
218,755,160,Move,482715,0
207,755,160,Move,482723,0
191,755,512,Move,482731,0
162,755,512,Move,482739,0
162,755,512,Move,482740,0
156,755,512,Move,482747,0
150,755,512,Move,482755,0
138,753,512,Move,482763,0
116,753,512,Move,482771,0
110,753,512,Move,482779,0
109,753,512,Move,482795,0
104,753,512,Move,482803,0
100,754,160,Move,482811,0
87,756,512,Move,482835,0
83,756,512,Move,482843,0
82,756,512,Move,482859,0
81,756,512,Move,482875,0
79,756,512,Move,482899,0
77,756,512,Move,482907,0
76,756,512,Move,482915,0
73,757,512,Move,482923,0
72,757,512,Move,482931,0
70,757,512,Move,482939,0
70,755,512,Move,483083,0
70,755,513,Pressed,483131,0
70,755,160,Move,483153,0
70,755,162,Released,483195,0
71,755,160,Move,483307,0
76,752,160,Move,483315,0
84,752,160,Move,483323,0
96,746,160,Move,483331,0
116,739,512,Move,483339,0
138,728,512,Move,483347,0
149,724,512,Move,483355,0
168,720,512,Move,483363,0
175,718,512,Move,483371,0
177,717,512,Move,483379,0
194,713,512,Move,483387,0
195,713,512,Move,483395,0
214,709,512,Move,483403,0
225,707,512,Move,483411,0
234,706,512,Move,483419,0
242,706,512,Move,483435,0
243,704,512,Move,483443,0
250,703,512,Move,483451,0
254,703,512,Move,483459,0
259,703,512,Move,483475,0
260,703,512,Move,483483,0
262,705,512,Move,483579,0
262,708,512,Move,483587,0
263,708,512,Move,483595,0
263,710,512,Move,483603,0
264,713,512,Move,483611,0
265,714,512,Move,483619,0
271,717,512,Move,483627,0
275,720,512,Move,483635,0
279,720,512,Move,483643,0
280,721,512,Move,483651,0
282,721,512,Move,483683,0
283,721,512,Move,483691,0
284,721,512,Move,483699,0
285,721,512,Move,483707,0
286,721,512,Move,483723,0
287,721,512,Move,483747,0
287,719,512,Move,483755,0
288,719,512,Move,483763,0
288,719,513,Pressed,483811,0
288,719,514,Released,483891,0
288,719,512,Move,483892,0
288,719,512,Move,483892,0
288,719,160,Move,484091,0
288,719,160,Move,484125,0
291,719,160,Move,484547,0
299,719,160,Move,484555,0
305,719,160,Move,484563,0
307,717,160,Move,484587,0
307,715,160,Move,484595,0
307,714,160,Move,484611,0
311,706,160,Move,484619,0
312,704,160,Move,484627,0
314,697,160,Move,484635,0
323,673,160,Move,484643,0
335,641,160,Move,484651,0
337,630,160,Move,484659,0
343,620,160,Move,484667,0
351,606,160,Move,484675,0
352,603,160,Move,484683,0
360,586,160,Move,484691,0
363,581,160,Move,484699,0
363,580,160,Move,484739,0
364,578,160,Move,484747,0
367,567,160,Move,484755,0
369,564,160,Move,484763,0
370,562,160,Move,484771,0
370,561,160,Move,484779,0
370,557,160,Move,484795,0
377,537,160,Move,484803,0
379,535,160,Move,484811,0
384,516,160,Move,484819,0
388,499,160,Move,484827,0
395,480,160,Move,484835,0
404,460,160,Move,484843,0
405,457,160,Move,484851,0
405,456,160,Move,484867,0
405,444,160,Move,484875,0
405,443,160,Move,484883,0
406,434,160,Move,484891,0
408,417,160,Move,484899,0
408,409,160,Move,484907,0
408,406,160,Move,484915,0
408,404,160,Move,484923,0
409,400,160,Move,484931,0
409,397,160,Move,484939,0
410,397,160,Move,484963,0
410,398,160,Move,484995,0
410,399,160,Move,485003,0
411,399,160,Move,485035,0
415,397,160,Move,485043,0
423,392,160,Move,485051,0
430,385,512,Move,485059,0
433,382,512,Move,485067,0
440,377,512,Move,485075,0
440,377,512,Move,485078,0
444,374,512,Move,485083,0
453,365,512,Move,485091,0
456,362,512,Move,485099,0
467,353,512,Move,485107,0
472,346,512,Move,485115,0
474,343,512,Move,485123,0
480,337,512,Move,485131,0
488,327,512,Move,485139,0
495,320,512,Move,485155,0
498,315,512,Move,485163,0
498,314,512,Move,485171,0
499,314,512,Move,485195,0
500,312,512,Move,485459,0
501,311,512,Move,485643,0
503,309,512,Move,485651,0
506,306,512,Move,485659,0
508,303,512,Move,485667,0
509,300,512,Move,485675,0
509,299,512,Move,485683,0
509,298,512,Move,485691,0
511,294,512,Move,485699,0
512,291,512,Move,485707,0
514,290,512,Move,485715,0
516,288,512,Move,485723,0
516,287,512,Move,485739,0
516,287,512,Move,485753,0
516,287,513,Pressed,485891,0
516,287,514,Released,485979,0
516,287,512,Move,485982,0
516,287,512,Move,486009,0
514,287,512,Move,486155,0
513,287,512,Move,486187,0
513,287,512,Move,486216,0
513,287,512,Move,486226,0
513,287,512,Move,486228,0
513,287,512,Move,486385,0
513,287,512,Move,486385,0
513,287,512,Move,486388,0
513,287,512,Move,486501,0
513,287,512,Move,486502,0
513,287,512,Move,486511,0
513,287,512,Move,486512,0
