client timestamp,button,state,x,y
7157366,NoButton,Move,595,337
7157374,NoButton,Move,600,338
7157381,NoButton,Move,605,340
7157389,NoButton,Move,610,342
7157398,NoButton,Move,614,343
7157406,NoButton,Move,620,344
7157414,NoButton,Move,625,345
7157422,NoButton,Move,629,345
7157430,NoButton,Move,636,345
7157438,NoButton,Move,644,342
7157445,NoButton,Move,652,339
7157454,NoButton,Move,659,333
7157462,NoButton,Move,669,328
7157470,NoButton,Move,675,323
7157478,NoButton,Move,685,317
7157486,NoButton,Move,694,311
7157494,NoButton,Move,704,301
7157501,NoButton,Move,714,291
7157510,NoButton,Move,725,277
7157518,NoButton,Move,741,255
7157525,NoButton,Move,758,228
7157534,NoButton,Move,774,204
7157542,NoButton,Move,793,176
7157550,NoButton,Move,810,147
7157558,NoButton,Move,826,125
7157566,NoButton,Move,839,106
7157574,NoButton,Move,848,92
7157582,NoButton,Move,855,82
7157589,NoButton,Move,862,73
7157598,NoButton,Move,866,65
7157606,NoButton,Move,869,58
7157624,NoButton,Move,872,49
7157654,NoButton,Move,875,40
7157662,NoButton,Move,875,39
7157669,NoButton,Move,875,38
7157686,NoButton,Move,875,38
7157805,NoButton,Move,875,37
7157821,NoButton,Move,875,37
7157830,NoButton,Move,872,37
7157838,NoButton,Move,868,37
7157846,NoButton,Move,863,37
7157854,NoButton,Move,857,37
7157862,NoButton,Move,849,37
7157870,NoButton,Move,840,37
7157878,NoButton,Move,832,37
7157886,NoButton,Move,822,37
7157894,NoButton,Move,814,37
7157902,NoButton,Move,809,37
7157910,NoButton,Move,801,37
7157918,NoButton,Move,794,37
7157942,NoButton,Move,786,37
7157950,NoButton,Move,783,37
7157958,NoButton,Move,781,37
7157965,NoButton,Move,779,37
7157973,NoButton,Move,778,37
7157982,NoButton,Move,777,37
7157990,NoButton,Move,776,37
7157998,NoButton,Move,774,37
7158006,NoButton,Move,773,37
7158014,NoButton,Move,773,37
7158021,NoButton,Move,771,37
7158030,NoButton,Move,768,38
7158037,NoButton,Move,765,38
7158046,NoButton,Move,761,40
7158054,NoButton,Move,755,41
7158062,NoButton,Move,749,42
7158070,NoButton,Move,742,44
7158077,NoButton,Move,735,46
7158085,NoButton,Move,726,48
7158094,NoButton,Move,718,49
7158102,NoButton,Move,708,50
7158109,NoButton,Move,699,50
7158118,NoButton,Move,690,50
7158126,NoButton,Move,682,50
7158134,NoButton,Move,673,51
7158142,NoButton,Move,667,51
7158150,NoButton,Move,660,51
7158158,NoButton,Move,654,51
7158165,NoButton,Move,652,51
7158174,NoButton,Move,649,51
7158182,NoButton,Move,647,51
7158190,NoButton,Move,646,51
7158206,NoButton,Move,645,51
7158214,NoButton,Move,645,51
7158238,NoButton,Move,644,51
7158406,NoButton,Move,645,51
7158414,NoButton,Move,645,51
7158421,NoButton,Move,646,50
7158430,NoButton,Move,647,49
7158438,NoButton,Move,648,49
7158446,NoButton,Move,650,48
7158453,NoButton,Move,650,47
7158461,NoButton,Move,652,46
7158469,NoButton,Move,652,46
7158477,NoButton,Move,653,46
7158485,NoButton,Move,654,46
7158502,NoButton,Move,654,46
7158510,NoButton,Move,655,46
7158525,NoButton,Move,656,46
7158574,NoButton,Move,656,46
7158702,NoButton,Move,657,46
7158710,NoButton,Move,657,46
7158718,NoButton,Move,659,46
7158725,NoButton,Move,661,46
7158734,NoButton,Move,663,46
7158741,NoButton,Move,665,47
7158749,NoButton,Move,666,47
7158758,NoButton,Move,667,47
7158766,NoButton,Move,667,47
7158774,NoButton,Move,668,48
7158782,NoButton,Move,668,48
7159022,Left,Pressed,668,48
7159159,Left,Released,668,48
7174365,NoButton,Move,664,56
7174373,NoButton,Move,650,92
7174382,NoButton,Move,629,147
7174403,NoButton,Move,567,284
7174405,NoButton,Move,538,343
7174414,NoButton,Move,507,396
7174422,NoButton,Move,473,443
7174430,NoButton,Move,446,483
7174438,NoButton,Move,419,524
7174445,NoButton,Move,390,553
7174453,NoButton,Move,373,580
7174469,NoButton,Move,338,622
7174477,NoButton,Move,322,640
7174485,NoButton,Move,310,654
7174493,NoButton,Move,299,667
7174501,NoButton,Move,290,677
7174509,NoButton,Move,285,685
7174517,NoButton,Move,279,693
7174525,NoButton,Move,275,700
7174533,NoButton,Move,270,709
7174541,NoButton,Move,267,718
7174549,NoButton,Move,263,729
7174557,NoButton,Move,258,741
7174565,NoButton,Move,254,754
7174573,NoButton,Move,250,766
7174582,NoButton,Move,247,776
7174589,NoButton,Move,244,787
7174598,NoButton,Move,239,798
7174605,NoButton,Move,236,809
7174614,NoButton,Move,233,819
7174622,NoButton,Move,229,832
7174630,NoButton,Move,223,846
7174638,NoButton,Move,218,863
7174645,NoButton,Move,214,875
7174654,NoButton,Move,210,887
7174661,NoButton,Move,206,897
7174670,NoButton,Move,205,906
7174678,NoButton,Move,201,915
7174685,NoButton,Move,199,920
7174694,NoButton,Move,198,926
7174702,NoButton,Move,196,928
7174710,NoButton,Move,196,931
7174717,NoButton,Move,196,933
7174726,NoButton,Move,196,935
7174742,NoButton,Move,196,937
7174750,NoButton,Move,196,938
7174758,NoButton,Move,196,940
7174765,NoButton,Move,196,942
7174774,NoButton,Move,196,943
7174782,NoButton,Move,196,945
7174790,NoButton,Move,196,948
7174797,NoButton,Move,196,951
7174806,NoButton,Move,195,953
7174814,NoButton,Move,192,957
7174822,NoButton,Move,191,959
7174830,NoButton,Move,188,963
7174837,NoButton,Move,186,967
7174845,NoButton,Move,183,971
7174853,NoButton,Move,178,974
7174862,NoButton,Move,173,978
7174869,NoButton,Move,167,983
7174878,NoButton,Move,161,987
7174885,NoButton,Move,155,990
7174894,NoButton,Move,151,993
7174902,NoButton,Move,145,996
7174910,NoButton,Move,143,998
7174917,NoButton,Move,139,1000
7174925,NoButton,Move,137,1002
7174934,NoButton,Move,135,1003
7174942,NoButton,Move,132,1005
7174950,NoButton,Move,130,1007
7174958,NoButton,Move,129,1010
7174965,NoButton,Move,127,1012
7174974,NoButton,Move,126,1013
7174982,NoButton,Move,125,1015
7174990,NoButton,Move,124,1016
7174998,NoButton,Move,121,1017
7175005,NoButton,Move,120,1019
7175013,NoButton,Move,119,1020
7175022,NoButton,Move,117,1023
7175030,NoButton,Move,116,1023
7175038,NoButton,Move,116,1024
7175045,NoButton,Move,116,1024
7175062,NoButton,Move,115,1025
7175070,NoButton,Move,115,1025
7175078,NoButton,Move,115,1026
7175085,NoButton,Move,114,1026
7175094,NoButton,Move,113,1027
7175102,NoButton,Move,111,1027
7175110,NoButton,Move,109,1027
7175117,NoButton,Move,107,1027
7175125,NoButton,Move,105,1028
7175134,NoButton,Move,104,1028
7175142,NoButton,Move,102,1028
7175150,NoButton,Move,100,1028
7175157,NoButton,Move,97,1028
7175165,NoButton,Move,95,1028
7175174,NoButton,Move,92,1028
7175182,NoButton,Move,91,1028
7175189,NoButton,Move,90,1028
7175198,NoButton,Move,89,1028
7175206,NoButton,Move,89,1028
7175214,NoButton,Move,88,1028
7175222,NoButton,Move,87,1028
7175230,NoButton,Move,87,1027
7175254,NoButton,Move,87,1027
7175270,NoButton,Move,87,1026
7175278,NoButton,Move,86,1026
7175349,NoButton,Move,86,1025
7175374,NoButton,Move,86,1024
7175382,NoButton,Move,86,1024
7175398,NoButton,Move,86,1023
7175405,NoButton,Move,85,1023
7175413,NoButton,Move,85,1022
7175421,NoButton,Move,84,1022
7175430,NoButton,Move,83,1022
7175438,NoButton,Move,83,1022
7175445,NoButton,Move,83,1021
7175461,NoButton,Move,82,1021
7176062,NoButton,Move,82,1021
7176070,NoButton,Move,82,1023
7176078,NoButton,Move,81,1024
7176086,NoButton,Move,81,1024
7176094,NoButton,Move,80,1026
7176102,NoButton,Move,80,1026
7176109,NoButton,Move,80,1026
7176134,NoButton,Move,79,1026
7176142,NoButton,Move,79,1027
7176150,NoButton,Move,79,1027
7176534,Left,Pressed,79,1027
7176678,Left,Released,79,1027
7177805,NoButton,Move,84,1027
7177813,NoButton,Move,98,1022
7177821,NoButton,Move,133,1012
7177830,NoButton,Move,164,1007
7177837,NoButton,Move,200,1005
7177845,NoButton,Move,244,1001
7177853,NoButton,Move,288,999
7177862,NoButton,Move,335,998
7177869,NoButton,Move,384,996
7177878,NoButton,Move,428,990
7177886,NoButton,Move,472,979
7177894,NoButton,Move,518,965
7177902,NoButton,Move,553,953
7177910,NoButton,Move,589,940
7177926,NoButton,Move,611,933
7177934,NoButton,Move,642,923
7177942,NoButton,Move,654,918
7177950,NoButton,Move,660,917
7177958,NoButton,Move,661,916
7178158,NoButton,Move,661,915
7178165,NoButton,Move,664,911
7178173,NoButton,Move,676,902
7178181,NoButton,Move,687,886
7178189,NoButton,Move,696,865
7178197,NoButton,Move,703,850
7178205,NoButton,Move,702,842
7178382,NoButton,Move,701,841
7178390,NoButton,Move,693,837
7178397,NoButton,Move,688,837
7178405,NoButton,Move,683,836
7178413,NoButton,Move,681,835
7178422,NoButton,Move,680,834
7178438,NoButton,Move,680,834
7178445,NoButton,Move,680,833
7178453,NoButton,Move,681,833
7178462,NoButton,Move,681,833
7178469,NoButton,Move,682,833
7178478,NoButton,Move,683,833
7178485,NoButton,Move,683,832
7178517,NoButton,Move,683,831
7178525,NoButton,Move,683,831
7178534,NoButton,Move,681,829
7178542,NoButton,Move,679,829
7178550,NoButton,Move,677,827
7178565,NoButton,Move,676,827
7178574,NoButton,Move,676,826
7178581,NoButton,Move,675,826
7178590,NoButton,Move,675,826
7178606,NoButton,Move,674,826
7178614,NoButton,Move,673,825
7178622,NoButton,Move,672,825
7178629,NoButton,Move,672,825
7178637,NoButton,Move,671,825
7178645,NoButton,Move,669,825
7178653,NoButton,Move,669,825
7178662,NoButton,Move,668,825
7178669,NoButton,Move,668,824
7178678,NoButton,Move,667,824
7178685,NoButton,Move,666,824
7178694,NoButton,Move,665,824
7178702,NoButton,Move,664,823
7178710,NoButton,Move,662,822
7178717,NoButton,Move,660,822
7178725,NoButton,Move,658,822
7178733,NoButton,Move,656,821
7178741,NoButton,Move,655,820
7178750,NoButton,Move,652,818
7178758,NoButton,Move,650,817
7178765,NoButton,Move,648,815
7178774,NoButton,Move,646,814
7178782,NoButton,Move,642,813
7178790,NoButton,Move,640,812
7178798,NoButton,Move,637,810
7178806,NoButton,Move,634,808
7178814,NoButton,Move,631,806
7178822,NoButton,Move,630,805
7178830,NoButton,Move,628,804
7178838,NoButton,Move,627,803
7178845,NoButton,Move,627,802
7178854,NoButton,Move,626,800
7178861,NoButton,Move,625,799
7178869,NoButton,Move,625,798
7178877,NoButton,Move,624,797
7178893,NoButton,Move,624,796
7179038,NoButton,Move,624,796
7179054,NoButton,Move,624,794
7179062,NoButton,Move,624,793
7179069,NoButton,Move,624,791
7179077,NoButton,Move,624,790
7179085,NoButton,Move,624,790
7179094,NoButton,Move,624,788
7179110,NoButton,Move,624,788
7179654,Left,Pressed,624,788
7179774,Left,Released,624,788
7190710,NoButton,Move,624,787
7190718,NoButton,Move,627,785
7190725,NoButton,Move,633,776
7190734,NoButton,Move,645,761
7190742,NoButton,Move,656,742
7190749,NoButton,Move,670,720
7190757,NoButton,Move,687,696
7190765,NoButton,Move,705,669
7190773,NoButton,Move,722,642
7190781,NoButton,Move,740,610
7190789,NoButton,Move,759,580
7190797,NoButton,Move,772,554
7190805,NoButton,Move,784,526
7190813,NoButton,Move,793,501
7190821,NoButton,Move,801,479
7190829,NoButton,Move,808,456
7190837,NoButton,Move,815,439
7190845,NoButton,Move,818,428
7190853,NoButton,Move,820,421
7190861,NoButton,Move,820,417
7190869,NoButton,Move,821,415
7190877,NoButton,Move,821,414
7190885,NoButton,Move,821,413
7190893,NoButton,Move,821,412
7191149,Nobutton,Scrool,821,821
7191165,Nobutton,Scrool,821,821
7191173,Nobutton,Scrool,821,821
7191181,Nobutton,Scrool,821,821
7191197,Nobutton,Scrool,821,821
7191213,Nobutton,Scrool,821,821
7191222,Nobutton,Scrool,821,821
7191229,Nobutton,Scrool,821,821
7191254,Nobutton,Scrool,821,821
7191261,Nobutton,Scrool,821,821
7191293,Nobutton,Scrool,821,821
7191309,Nobutton,Scrool,821,821
7191373,Nobutton,Scrool,821,821
7191606,Nobutton,Scrool,821,821
7191622,Nobutton,Scrool,821,821
7191638,Nobutton,Scrool,821,821
7191645,Nobutton,Scrool,821,821
7191661,Nobutton,Scrool,821,821
7191677,Nobutton,Scrool,821,821
7191693,Nobutton,Scrool,821,821
7191709,Nobutton,Scrool,821,821
7191725,Nobutton,Scrool,821,821
7191749,Nobutton,Scrool,821,821
7191773,Nobutton,Scrool,821,821
7192165,NoButton,Move,821,412
7192174,NoButton,Move,821,407
7192182,NoButton,Move,821,388
7192190,NoButton,Move,822,369
7192198,NoButton,Move,818,354
7192206,NoButton,Move,814,343
7192213,NoButton,Move,806,332
7192221,NoButton,Move,798,319
7192230,NoButton,Move,785,302
7192237,NoButton,Move,773,283
7192245,NoButton,Move,758,270
7192253,NoButton,Move,745,255
7192262,NoButton,Move,737,243
7192270,NoButton,Move,729,232
7192278,NoButton,Move,723,222
7192286,NoButton,Move,720,214
7192293,NoButton,Move,717,206
7192302,NoButton,Move,715,200
7192310,NoButton,Move,714,195
7192318,NoButton,Move,714,192
7192326,NoButton,Move,714,191
7192334,NoButton,Move,714,190
7192525,NoButton,Move,712,190
7192538,NoButton,Move,709,190
7192541,NoButton,Move,704,186
7192549,NoButton,Move,694,182
7192557,NoButton,Move,686,179
7192565,NoButton,Move,677,176
7192573,NoButton,Move,668,172
7192581,NoButton,Move,657,168
7192589,NoButton,Move,646,165
7192597,NoButton,Move,635,161
7192605,NoButton,Move,624,158
7192613,NoButton,Move,614,154
7192621,NoButton,Move,604,152
7192630,NoButton,Move,596,149
7192637,NoButton,Move,588,145
7192645,NoButton,Move,581,143
7192653,NoButton,Move,575,142
7192662,NoButton,Move,570,140
7192670,NoButton,Move,568,139
7192678,NoButton,Move,567,138
7192686,NoButton,Move,566,138
7192694,NoButton,Move,566,138
7193038,NoButton,Move,565,137
7193045,NoButton,Move,564,136
7193054,NoButton,Move,564,134
7193062,NoButton,Move,563,132
7193070,NoButton,Move,562,131
7193077,NoButton,Move,562,130
7193085,NoButton,Move,562,128
7193094,NoButton,Move,562,128
7193102,NoButton,Move,561,127
7193110,NoButton,Move,560,126
7193118,NoButton,Move,558,125
7193125,NoButton,Move,556,125
7193134,NoButton,Move,555,125
7193142,NoButton,Move,554,125
7193158,NoButton,Move,555,125
7193166,NoButton,Move,557,125
7193174,NoButton,Move,558,125
7193182,NoButton,Move,559,125
7193462,NoButton,Move,559,125
7193485,NoButton,Move,559,125
7193502,NoButton,Move,559,125
7193525,NoButton,Move,558,125
7193542,NoButton,Move,557,124
7193549,NoButton,Move,557,124
7193558,NoButton,Move,557,124
7202022,NoButton,Move,558,124
7202030,NoButton,Move,564,129
7202037,NoButton,Move,574,138
7202046,NoButton,Move,586,146
7202053,NoButton,Move,594,157
7202061,NoButton,Move,604,176
7202069,NoButton,Move,616,197
7202077,NoButton,Move,635,222
7202086,NoButton,Move,654,252
7202093,NoButton,Move,673,281
7202101,NoButton,Move,692,309
7202109,NoButton,Move,708,331
7202117,NoButton,Move,721,352
7202125,NoButton,Move,737,374
7202133,NoButton,Move,747,386
7202141,NoButton,Move,755,398
7202149,NoButton,Move,761,407
7202157,NoButton,Move,766,414
7202165,NoButton,Move,770,418
7202173,NoButton,Move,771,421
7202182,NoButton,Move,772,421
7202725,NoButton,Move,772,423
7202733,NoButton,Move,773,425
7202741,NoButton,Move,776,429
7202749,NoButton,Move,777,434
7202757,NoButton,Move,778,438
7202765,NoButton,Move,780,442
7202773,NoButton,Move,782,448
7202781,NoButton,Move,786,453
7202790,NoButton,Move,791,458
7202797,NoButton,Move,799,462
7202805,NoButton,Move,809,465
7202813,NoButton,Move,821,470
7202821,NoButton,Move,833,473
7202829,NoButton,Move,844,474
7202845,NoButton,Move,852,474
7202853,NoButton,Move,860,474
7202861,NoButton,Move,866,474
7202869,NoButton,Move,868,474
7202877,NoButton,Move,869,471
7202885,NoButton,Move,870,468
7202893,NoButton,Move,870,465
7202901,NoButton,Move,869,461
7202909,NoButton,Move,865,455
7202917,NoButton,Move,861,450
7202925,NoButton,Move,857,445
7202934,NoButton,Move,854,441
7202941,NoButton,Move,850,436
7202949,NoButton,Move,847,430
7202957,NoButton,Move,844,425
7202965,NoButton,Move,842,421
7202973,NoButton,Move,838,417
7202981,NoButton,Move,836,416
7202989,NoButton,Move,834,414
7202997,NoButton,Move,832,413
7203005,NoButton,Move,832,413
7203061,NoButton,Move,832,414
7203069,NoButton,Move,832,419
7203077,NoButton,Move,832,427
7203085,NoButton,Move,832,439
7203093,NoButton,Move,832,453
7203101,NoButton,Move,832,473
7203109,NoButton,Move,832,498
7203117,NoButton,Move,830,526
7203125,NoButton,Move,823,560
7203133,NoButton,Move,814,595
7203141,NoButton,Move,806,630
7203149,NoButton,Move,790,674
7203157,NoButton,Move,779,717
7203165,NoButton,Move,768,755
7203182,NoButton,Move,745,824
7203190,NoButton,Move,738,848
7203197,NoButton,Move,730,871
7203205,NoButton,Move,725,890
7203214,NoButton,Move,718,909
7203222,NoButton,Move,712,922
7203230,NoButton,Move,710,931
7203238,NoButton,Move,706,941
7203245,NoButton,Move,704,951
7203254,NoButton,Move,702,958
7203261,NoButton,Move,700,963
7203270,NoButton,Move,698,968
7203277,NoButton,Move,696,971
7203286,NoButton,Move,696,973
7203293,NoButton,Move,695,975
7203309,NoButton,Move,695,975
7203357,NoButton,Move,695,976
7203397,NoButton,Move,695,977
7203405,NoButton,Move,695,979
7203413,NoButton,Move,695,984
7203421,NoButton,Move,695,990
7203429,NoButton,Move,695,998
7203437,NoButton,Move,695,1004
7203445,NoButton,Move,692,1012
7203453,NoButton,Move,690,1020
7203461,NoButton,Move,688,1022
7203469,NoButton,Move,687,1025
7203477,NoButton,Move,686,1028
7203485,NoButton,Move,685,1030
7203493,NoButton,Move,685,1030
7203501,NoButton,Move,685,1031
7203517,NoButton,Move,684,1031
7203645,NoButton,Move,684,1031
7203653,NoButton,Move,684,1029
7203661,NoButton,Move,684,1027
7203669,NoButton,Move,683,1026
7203678,NoButton,Move,683,1025
7203685,NoButton,Move,683,1023
7203702,NoButton,Move,683,1022
7203710,NoButton,Move,683,1020
7203718,NoButton,Move,683,1018
7203726,NoButton,Move,683,1016
7203734,NoButton,Move,683,1014
7203742,NoButton,Move,683,1013
7203750,NoButton,Move,683,1012
7203758,NoButton,Move,683,1011
7203766,NoButton,Move,683,1011
7203774,NoButton,Move,683,1009
7203781,NoButton,Move,683,1009
7203789,NoButton,Move,683,1008
7203797,NoButton,Move,683,1008
7203805,NoButton,Move,683,1007
7203821,NoButton,Move,683,1006
7203845,NoButton,Move,684,1005
7204525,NoButton,Move,684,1005
7204541,NoButton,Move,686,1002
7204549,NoButton,Move,694,994
7204557,NoButton,Move,706,981
7204565,NoButton,Move,724,958
7204573,NoButton,Move,747,930
7204581,NoButton,Move,773,892
7204589,NoButton,Move,807,851
7204597,NoButton,Move,841,804
7204605,NoButton,Move,878,755
7204613,NoButton,Move,914,709
7204621,NoButton,Move,959,651
7204629,NoButton,Move,1004,586
7204638,NoButton,Move,1050,521
7204646,NoButton,Move,1100,459
7204668,NoButton,Move,1193,349
7204669,NoButton,Move,1245,288
7204677,NoButton,Move,1290,241
7204685,NoButton,Move,1325,192
7204693,NoButton,Move,1354,148
7204701,NoButton,Move,1376,118
7204709,NoButton,Move,1392,94
7204717,NoButton,Move,1400,80
7204725,NoButton,Move,1406,74
7204733,NoButton,Move,1408,69
7204741,NoButton,Move,1408,69
7204909,NoButton,Move,1409,69
7204917,NoButton,Move,1411,69
7204926,NoButton,Move,1419,69
7204933,NoButton,Move,1437,69
7204941,NoButton,Move,1459,69
7204949,NoButton,Move,1486,69
7204957,NoButton,Move,1514,69
7204965,NoButton,Move,1542,67
7204973,NoButton,Move,1563,67
7204981,NoButton,Move,1578,66
7204997,NoButton,Move,1591,63
7205005,NoButton,Move,1604,58
7205013,NoButton,Move,1615,54
7205031,NoButton,Move,1639,46
7205037,NoButton,Move,1653,43
7205045,NoButton,Move,1670,40
7205053,NoButton,Move,1683,38
7205061,NoButton,Move,1696,37
7205069,NoButton,Move,1708,36
7205077,NoButton,Move,1719,35
7205085,NoButton,Move,1730,34
7205093,NoButton,Move,1737,34
7205101,NoButton,Move,1744,32
7205109,NoButton,Move,1749,31
7205117,NoButton,Move,1755,30
7205125,NoButton,Move,1761,28
7205133,NoButton,Move,1768,26
7205141,NoButton,Move,1773,25
7205149,NoButton,Move,1778,22
7205157,NoButton,Move,1783,22
7205165,NoButton,Move,1787,21
7205173,NoButton,Move,1790,20
7205181,NoButton,Move,1793,19
7205189,NoButton,Move,1794,18
7205197,NoButton,Move,1796,18
7205205,NoButton,Move,1797,18
7205213,NoButton,Move,1799,17
7205221,NoButton,Move,1801,16
7205229,NoButton,Move,1804,16
7205237,NoButton,Move,1806,15
7205245,NoButton,Move,1813,15
7205253,NoButton,Move,1819,15
7205261,NoButton,Move,1827,15
7205269,NoButton,Move,1837,15
7205277,NoButton,Move,1845,15
7205285,NoButton,Move,1854,15
7205293,NoButton,Move,1862,15
7205301,NoButton,Move,1869,13
7205310,NoButton,Move,1873,13
7205317,NoButton,Move,1876,12
7205325,NoButton,Move,1879,12
7205333,NoButton,Move,1882,11
7205341,NoButton,Move,1884,11
7205349,NoButton,Move,1885,10
7205358,NoButton,Move,1887,10
7205365,NoButton,Move,1889,10
7205397,NoButton,Move,1889,10
7205597,Left,Pressed,1889,10
7205701,Left,Released,1889,10
7206486,NoButton,Move,1886,10
7206493,NoButton,Move,1882,10
7206501,NoButton,Move,1876,10
7206509,NoButton,Move,1864,13
7206517,NoButton,Move,1844,19
7206525,NoButton,Move,1811,32
7206533,NoButton,Move,1765,47
7206541,NoButton,Move,1699,70
7206557,NoButton,Move,1632,91
7206565,NoButton,Move,1556,115
7206573,NoButton,Move,1478,137
7206581,NoButton,Move,1397,161
7206589,NoButton,Move,1313,185
7206597,NoButton,Move,1245,206
7206605,NoButton,Move,1172,230
7206614,NoButton,Move,1107,234
7206621,NoButton,Move,1044,238
7206629,NoButton,Move,987,240
7206637,NoButton,Move,943,240
7206645,NoButton,Move,903,240
7206653,NoButton,Move,865,240
7206661,NoButton,Move,840,240
7206669,NoButton,Move,824,240
7206677,NoButton,Move,809,240
7206685,NoButton,Move,801,240
7206693,NoButton,Move,794,240
7206701,NoButton,Move,792,240
7206709,NoButton,Move,792,240
7206861,NoButton,Move,789,240
7206869,NoButton,Move,783,238
7206877,NoButton,Move,772,235
7206885,NoButton,Move,754,229
7206893,NoButton,Move,726,221
7206901,NoButton,Move,691,210
7206909,NoButton,Move,644,204
7206917,NoButton,Move,589,201
7206925,NoButton,Move,536,193
7206933,NoButton,Move,483,185
7206941,NoButton,Move,442,181
7206950,NoButton,Move,402,176
7206957,NoButton,Move,369,173
7206965,NoButton,Move,351,170
7206974,NoButton,Move,339,165
7206981,NoButton,Move,330,164
7206989,NoButton,Move,328,164
7206997,NoButton,Move,328,163
7207373,Left,Pressed,328,163
7207478,Left,Released,328,163
7207734,NoButton,Move,326,163
7207741,NoButton,Move,325,162
7207765,NoButton,Move,327,163
7207773,NoButton,Move,333,164
7207781,NoButton,Move,340,166
7207789,NoButton,Move,343,167
7207797,NoButton,Move,343,167
7207997,NoButton,Move,344,167
7208005,NoButton,Move,345,167
7208021,NoButton,Move,344,167
7213069,NoButton,Move,344,171
7213077,NoButton,Move,344,199
7213085,NoButton,Move,344,229
7213093,NoButton,Move,343,263
7213101,NoButton,Move,333,308
7213109,NoButton,Move,328,353
7213117,NoButton,Move,316,398
7213125,NoButton,Move,301,445
7213133,NoButton,Move,287,493
7213141,NoButton,Move,276,542
7213150,NoButton,Move,268,584
7213158,NoButton,Move,259,629
7213165,NoButton,Move,250,672
7213173,NoButton,Move,248,711
7213181,NoButton,Move,246,744
7213189,NoButton,Move,246,774
7213197,NoButton,Move,245,801
7213205,NoButton,Move,242,822
7213213,NoButton,Move,239,840
7213221,NoButton,Move,239,852
7213229,NoButton,Move,239,862
7213237,NoButton,Move,239,868
7213245,NoButton,Move,239,873
7213253,NoButton,Move,239,879
7213261,NoButton,Move,239,883
7213269,NoButton,Move,239,888
7213277,NoButton,Move,239,895
7213285,NoButton,Move,239,904
7213293,NoButton,Move,239,914
7213301,NoButton,Move,240,926
7213309,NoButton,Move,240,938
7213317,NoButton,Move,242,950
7213325,NoButton,Move,242,962
7213333,NoButton,Move,242,974
7213341,NoButton,Move,242,985
7213349,NoButton,Move,242,999
7213357,NoButton,Move,242,1009
7213365,NoButton,Move,242,1017
7213373,NoButton,Move,242,1023
7213381,NoButton,Move,242,1028
7213389,NoButton,Move,242,1031
7213397,NoButton,Move,242,1034
7213413,NoButton,Move,242,1036
7213421,NoButton,Move,242,1038
7213429,NoButton,Move,242,1041
7213437,NoButton,Move,242,1042
7213445,NoButton,Move,242,1044
7213453,NoButton,Move,242,1045
7213461,NoButton,Move,242,1046
7213470,NoButton,Move,242,1046
7213477,NoButton,Move,242,1048
7213493,NoButton,Move,242,1048
7213501,NoButton,Move,242,1048
7213509,NoButton,Move,242,1049
7213526,NoButton,Move,243,1050
7213533,NoButton,Move,243,1051
7213542,NoButton,Move,243,1052
7213549,NoButton,Move,243,1052
7213557,NoButton,Move,244,1053
7213565,NoButton,Move,244,1053
7213574,NoButton,Move,244,1055
7213581,NoButton,Move,244,1055
7213589,NoButton,Move,244,1056
7213598,NoButton,Move,245,1057
7213613,NoButton,Move,245,1057
7217029,NoButton,Move,246,1058
7217037,NoButton,Move,247,1061
7217045,NoButton,Move,248,1062
7217053,NoButton,Move,250,1062
7217070,NoButton,Move,251,1057
7217077,NoButton,Move,251,1052
7217085,NoButton,Move,253,1043
7217093,NoButton,Move,253,1043
7217261,NoButton,Move,253,1043
7217272,NoButton,Move,253,1041
7217277,NoButton,Move,252,1040
7217285,NoButton,Move,252,1039
7217293,NoButton,Move,252,1039
7217309,NoButton,Move,252,1038
7217317,NoButton,Move,252,1038
7217677,NoButton,Move,252,1038
7217685,NoButton,Move,252,1034
7217693,NoButton,Move,252,1030
7217701,NoButton,Move,252,1026
7217709,NoButton,Move,252,1024
7217717,NoButton,Move,252,1022
7217725,NoButton,Move,252,1020
7217733,NoButton,Move,252,1020
7217741,NoButton,Move,252,1019
7217750,NoButton,Move,252,1019
7217757,NoButton,Move,252,1018
7217901,NoButton,Move,252,1021
7217909,NoButton,Move,252,1025
7217917,NoButton,Move,250,1032
7217925,NoButton,Move,247,1038
7217933,NoButton,Move,245,1044
7217941,NoButton,Move,244,1050
7217949,NoButton,Move,242,1055
7217957,NoButton,Move,241,1058
7217965,NoButton,Move,240,1060
7217973,NoButton,Move,240,1062
7217981,NoButton,Move,239,1063
7217989,NoButton,Move,238,1064
7218006,NoButton,Move,238,1064
7218013,NoButton,Move,238,1065
7218061,NoButton,Move,238,1065
7218069,NoButton,Move,238,1066
7218077,NoButton,Move,238,1066
7218085,NoButton,Move,238,1066
7218101,NoButton,Move,238,1066
7218117,NoButton,Move,238,1067
7218133,NoButton,Move,240,1067
7218149,NoButton,Move,240,1068
7218157,NoButton,Move,241,1068
7218165,NoButton,Move,243,1068
7218173,NoButton,Move,246,1068
7218189,NoButton,Move,252,1068
7218197,NoButton,Move,257,1068
7218206,NoButton,Move,261,1068
7218213,NoButton,Move,267,1068
7218221,NoButton,Move,272,1068
7218230,NoButton,Move,275,1068
7218237,NoButton,Move,277,1068
7218245,NoButton,Move,279,1068
7218253,NoButton,Move,281,1068
7218261,NoButton,Move,281,1068
7218405,NoButton,Move,281,1067
7218725,NoButton,Move,281,1067
7218789,NoButton,Move,281,1067
7218821,NoButton,Move,280,1067
7218829,NoButton,Move,279,1067
7218837,NoButton,Move,278,1067
7218854,NoButton,Move,277,1067
7218861,NoButton,Move,276,1066
7218869,NoButton,Move,273,1065
7218877,NoButton,Move,271,1065
7218885,NoButton,Move,267,1064
7218893,NoButton,Move,264,1062
7218901,NoButton,Move,259,1061
7218909,NoButton,Move,255,1059
7218917,NoButton,Move,250,1058
7218925,NoButton,Move,245,1057
7218933,NoButton,Move,240,1056
7218941,NoButton,Move,237,1055
7218949,NoButton,Move,234,1054
7218957,NoButton,Move,232,1054
7218965,NoButton,Move,231,1054
7218974,NoButton,Move,230,1054
7218981,NoButton,Move,230,1054
7219501,NoButton,Move,230,1054
7219509,NoButton,Move,230,1054
7219517,NoButton,Move,232,1054
7219533,NoButton,Move,232,1054
7219541,NoButton,Move,233,1054
7219565,NoButton,Move,233,1054
7219605,NoButton,Move,234,1054
7219613,NoButton,Move,235,1054
7219621,NoButton,Move,236,1054
7219629,NoButton,Move,237,1054
7219637,NoButton,Move,239,1054
7219645,NoButton,Move,240,1054
7219653,NoButton,Move,243,1054
7219661,NoButton,Move,245,1054
7219669,NoButton,Move,247,1054
7219677,NoButton,Move,249,1054
7219685,NoButton,Move,251,1054
7219693,NoButton,Move,252,1054
7219701,NoButton,Move,254,1054
7219710,NoButton,Move,256,1054
7219717,NoButton,Move,258,1054
7219725,NoButton,Move,259,1054
7219733,NoButton,Move,261,1054
7219741,NoButton,Move,261,1054
7219749,NoButton,Move,262,1054
7219757,NoButton,Move,262,1054
7219765,NoButton,Move,263,1054
7219773,NoButton,Move,263,1054
7219789,NoButton,Move,264,1054
7219805,NoButton,Move,265,1054
7219829,NoButton,Move,265,1054
7220005,Left,Pressed,265,1054
7220017,NoButton,Drag,266,1054
7220117,Left,Released,266,1054
7220605,NoButton,Move,266,1054
7220614,NoButton,Move,254,1035
7220621,NoButton,Move,215,1004
7220629,NoButton,Move,172,976
7220637,NoButton,Move,131,945
7220645,NoButton,Move,88,915
7220653,NoButton,Move,42,890
7220661,NoButton,Move,-6,859
7220669,NoButton,Move,-55,827
7220677,NoButton,Move,-103,799
7220685,NoButton,Move,-151,769
7220693,NoButton,Move,-194,741
7220701,NoButton,Move,-232,717
7220709,NoButton,Move,-265,693
7220717,NoButton,Move,-297,673
7220725,NoButton,Move,-315,657
7220733,NoButton,Move,-328,644
7220741,NoButton,Move,-333,637
7221005,NoButton,Move,-334,637
7221013,NoButton,Move,-337,637
7221021,NoButton,Move,-340,636
7221029,NoButton,Move,-343,634
7221045,NoButton,Move,-347,631
7221053,NoButton,Move,-348,630
7221061,NoButton,Move,-350,629
7221069,NoButton,Move,-351,629
7221077,NoButton,Move,-352,628
7221101,NoButton,Move,-352,628
7226269,NoButton,Move,-352,626
7226277,NoButton,Move,-352,623
7226285,NoButton,Move,-350,620
7226293,NoButton,Move,-344,615
7226301,NoButton,Move,-333,612
7226309,NoButton,Move,-317,607
7226317,NoButton,Move,-301,603
7226325,NoButton,Move,-290,603
7226333,NoButton,Move,-287,602
7226477,NoButton,Move,-288,602
7226485,NoButton,Move,-289,602
7226493,NoButton,Move,-291,602
7226501,NoButton,Move,-293,603
7226509,NoButton,Move,-296,604
7226517,NoButton,Move,-300,605
7226525,NoButton,Move,-303,606
7226533,NoButton,Move,-305,608
7226541,NoButton,Move,-305,609
7237245,NoButton,Move,-305,610
7237461,NoButton,Move,-309,610
7237469,NoButton,Move,-320,610
7237478,NoButton,Move,-341,610
7237485,NoButton,Move,-371,610
7237493,NoButton,Move,-411,610
7237501,NoButton,Move,-463,610
7237509,NoButton,Move,-528,610
7237525,NoButton,Move,-590,610
7237534,NoButton,Move,-655,610
7237542,NoButton,Move,-725,610
7237549,NoButton,Move,-792,610
7237557,NoButton,Move,-866,608
7237565,NoButton,Move,-929,600
7237573,NoButton,Move,-975,589
7237581,NoButton,Move,-981,587
7237837,NoButton,Move,-982,587
7237845,NoButton,Move,-988,587
7237853,NoButton,Move,-1002,587
7237861,NoButton,Move,-1016,582
7237870,NoButton,Move,-1029,578
7237878,NoButton,Move,-1048,573
7237885,NoButton,Move,-1066,564
7237894,NoButton,Move,-1098,556
7237901,NoButton,Move,-1134,545
7237909,NoButton,Move,-1172,532
7237917,NoButton,Move,-1213,519
7237925,NoButton,Move,-1257,504
7237944,NoButton,Move,-1336,478
7237957,NoButton,Move,-1399,456
7237975,NoButton,Move,-1448,436
7237981,NoButton,Move,-1468,427
7237989,NoButton,Move,-1480,422
7237997,NoButton,Move,-1492,415
7238005,NoButton,Move,-1499,410
7238013,NoButton,Move,-1505,406
7238021,NoButton,Move,-1508,402
7238045,NoButton,Move,-1511,396
7238045,NoButton,Move,-1512,393
7238061,NoButton,Move,-1514,390
7238069,NoButton,Move,-1514,388
7238077,NoButton,Move,-1516,386
7238085,NoButton,Move,-1517,384
7238093,NoButton,Move,-1519,382
7238109,NoButton,Move,-1521,378
7238117,NoButton,Move,-1522,377
7238125,NoButton,Move,-1525,374
7238133,NoButton,Move,-1526,372
7238141,NoButton,Move,-1527,370
7238149,NoButton,Move,-1528,368
7238157,NoButton,Move,-1530,365
7238165,NoButton,Move,-1531,364
7238173,NoButton,Move,-1533,361
7238181,NoButton,Move,-1534,359
7238189,NoButton,Move,-1536,356
7238197,NoButton,Move,-1538,352
7238205,NoButton,Move,-1540,350
7238213,NoButton,Move,-1541,347
7238221,NoButton,Move,-1542,343
7238229,NoButton,Move,-1544,340
7238237,NoButton,Move,-1546,337
7238245,NoButton,Move,-1546,334
7238253,NoButton,Move,-1548,330
7238261,NoButton,Move,-1549,327
7238269,NoButton,Move,-1549,325
7238277,NoButton,Move,-1550,322
7238285,NoButton,Move,-1550,319
7238293,NoButton,Move,-1551,316
7238301,NoButton,Move,-1553,314
7238309,NoButton,Move,-1553,311
7238317,NoButton,Move,-1553,308
7238325,NoButton,Move,-1554,305
7238349,NoButton,Move,-1556,298
7238357,NoButton,Move,-1556,296
7238365,NoButton,Move,-1556,294
7238373,NoButton,Move,-1556,293
7238381,NoButton,Move,-1556,291
7238389,NoButton,Move,-1556,289
7238397,NoButton,Move,-1556,288
7238405,NoButton,Move,-1556,287
7238413,NoButton,Move,-1556,286
7238421,NoButton,Move,-1556,284
7238429,NoButton,Move,-1556,284
7238437,NoButton,Move,-1556,283
7238453,NoButton,Move,-1556,282
7238469,NoButton,Move,-1556,281
7238493,NoButton,Move,-1556,281
7238549,NoButton,Move,-1557,281
7238605,NoButton,Move,-1557,280
7238613,NoButton,Move,-1557,278
7238621,NoButton,Move,-1557,278
7238629,NoButton,Move,-1557,277
7238637,NoButton,Move,-1557,276
7238653,NoButton,Move,-1557,275
7238661,NoButton,Move,-1557,275
7238725,Left,Pressed,-1557,275
7238829,Left,Released,-1557,275
7238933,NoButton,Move,-1557,274
7239997,NoButton,Move,-1557,274
7240005,NoButton,Move,-1557,284
7240013,NoButton,Move,-1557,306
7240020,NoButton,Move,-1557,322
7240029,NoButton,Move,-1557,337
7240036,NoButton,Move,-1559,354
7240044,NoButton,Move,-1563,373
7240053,NoButton,Move,-1565,390
7240061,NoButton,Move,-1565,406
7240069,NoButton,Move,-1565,421
7240077,NoButton,Move,-1566,433
7240085,NoButton,Move,-1567,445
7240093,NoButton,Move,-1567,454
7240101,NoButton,Move,-1567,462
7240109,NoButton,Move,-1567,468
7240117,NoButton,Move,-1567,472
7240133,NoButton,Move,-1567,474
7240141,NoButton,Move,-1567,476
7241237,Nobutton,Scrool,-1567,-1567
7241309,Nobutton,Scrool,-1567,-1567
7243077,NoButton,Move,-1567,477
7243093,NoButton,Move,-1566,478
7243101,NoButton,Move,-1558,481
7243109,NoButton,Move,-1549,486
7243117,NoButton,Move,-1539,493
7243126,NoButton,Move,-1529,499
7243134,NoButton,Move,-1518,506
7243141,NoButton,Move,-1504,516
7243150,NoButton,Move,-1486,526
7243158,NoButton,Move,-1467,539
7243165,NoButton,Move,-1440,554
7243173,NoButton,Move,-1411,569
7243181,NoButton,Move,-1383,583
7243189,NoButton,Move,-1350,593
7243197,NoButton,Move,-1322,603
7243205,NoButton,Move,-1294,613
7243213,NoButton,Move,-1267,622
7243222,NoButton,Move,-1248,628
7243230,NoButton,Move,-1228,635
7243237,NoButton,Move,-1214,640
7243245,NoButton,Move,-1202,642
7243254,NoButton,Move,-1192,645
7243261,NoButton,Move,-1185,647
7243270,NoButton,Move,-1182,647
7243277,NoButton,Move,-1181,647
7243325,NoButton,Move,-1180,648
7243685,NoButton,Move,-1180,648
7243693,NoButton,Move,-1180,647
7243701,NoButton,Move,-1180,647
7243709,NoButton,Move,-1180,646
7243725,NoButton,Move,-1180,646
7243741,NoButton,Move,-1180,645
7243749,NoButton,Move,-1180,645
7243765,NoButton,Move,-1180,644
7243773,NoButton,Move,-1180,643
7243781,NoButton,Move,-1180,643
7243789,NoButton,Move,-1180,642
7243805,NoButton,Move,-1180,642
7243813,NoButton,Move,-1180,641
7243829,NoButton,Move,-1180,641
7243845,NoButton,Move,-1180,639
7243861,NoButton,Move,-1180,639
7243869,NoButton,Move,-1180,638
7243877,NoButton,Move,-1180,638
7243885,NoButton,Move,-1180,637
7243893,NoButton,Move,-1180,636
7243901,NoButton,Move,-1179,635
7243917,NoButton,Move,-1179,635
7243925,NoButton,Move,-1179,634
7243949,NoButton,Move,-1179,634
7243958,NoButton,Move,-1179,634
7249125,NoButton,Move,-1179,632
7249133,NoButton,Move,-1176,629
7249141,NoButton,Move,-1155,620
7249149,NoButton,Move,-1130,612
7249157,NoButton,Move,-1100,602
7249165,NoButton,Move,-1070,593
7249173,NoButton,Move,-1040,583
7249181,NoButton,Move,-1007,573
7249190,NoButton,Move,-980,563
7249197,NoButton,Move,-954,554
7249205,NoButton,Move,-924,545
7249213,NoButton,Move,-904,537
7249221,NoButton,Move,-884,528
7249229,NoButton,Move,-865,523
7249237,NoButton,Move,-853,517
7249245,NoButton,Move,-842,514
7249253,NoButton,Move,-834,511
7249261,NoButton,Move,-828,507
7249269,NoButton,Move,-824,504
7249277,NoButton,Move,-822,502
7249285,NoButton,Move,-822,502
7249389,NoButton,Move,-821,501
7249397,NoButton,Move,-819,500
7249405,NoButton,Move,-817,499
7249414,NoButton,Move,-814,496
7249421,NoButton,Move,-809,492
7249429,NoButton,Move,-802,485
7249437,NoButton,Move,-798,478
7249445,NoButton,Move,-793,470
7249453,NoButton,Move,-787,463
7249469,NoButton,Move,-774,444
7249477,NoButton,Move,-767,435
7249485,NoButton,Move,-762,426
7249493,NoButton,Move,-756,418
7249501,NoButton,Move,-751,410
7249509,NoButton,Move,-745,402
7249517,NoButton,Move,-738,395
7249525,NoButton,Move,-731,387
7249533,NoButton,Move,-723,382
7249541,NoButton,Move,-717,378
7249549,NoButton,Move,-713,375
7249557,NoButton,Move,-709,373
7249565,NoButton,Move,-706,369
7249573,NoButton,Move,-704,368
7249581,NoButton,Move,-703,365
7249589,NoButton,Move,-702,365
7249597,NoButton,Move,-702,364
7249965,NoButton,Move,-702,364
7249973,NoButton,Move,-700,364
7249981,NoButton,Move,-700,367
7249989,NoButton,Move,-700,369
7249997,NoButton,Move,-700,370
7250006,NoButton,Move,-700,372
7250014,NoButton,Move,-700,373
7250021,NoButton,Move,-700,374
7250029,NoButton,Move,-700,374
7250037,NoButton,Move,-700,376
7250045,NoButton,Move,-700,376
7250053,NoButton,Move,-700,377
7250061,NoButton,Move,-700,377
7250077,NoButton,Move,-700,378
7250093,NoButton,Move,-700,379
7250101,NoButton,Move,-700,379
7250134,NoButton,Move,-700,380
7250197,NoButton,Move,-700,380
7250213,NoButton,Move,-700,381
7250437,Left,Pressed,-700,381
7250565,Left,Released,-700,381
7252045,NoButton,Move,-702,383
7252053,NoButton,Move,-714,386
7252061,NoButton,Move,-735,394
7252069,NoButton,Move,-759,402
7252078,NoButton,Move,-795,415
7252085,NoButton,Move,-836,426
7252110,NoButton,Move,-998,453
7252118,NoButton,Move,-1060,455
7252126,NoButton,Move,-1126,459
7252133,NoButton,Move,-1188,463
7252141,NoButton,Move,-1253,463
7252149,NoButton,Move,-1316,465
7252156,NoButton,Move,-1368,469
7252165,NoButton,Move,-1412,471
7252173,NoButton,Move,-1453,471
7252192,NoButton,Move,-1502,471
7252197,NoButton,Move,-1515,471
7252205,NoButton,Move,-1523,472
7252213,NoButton,Move,-1527,472
7252221,NoButton,Move,-1528,472
7252397,NoButton,Move,-1531,472
7252405,NoButton,Move,-1536,475
7252413,NoButton,Move,-1548,479
7252421,NoButton,Move,-1562,483
7252429,NoButton,Move,-1586,491
7252437,NoButton,Move,-1624,504
7252445,NoButton,Move,-1660,516
7252453,NoButton,Move,-1692,525
7252461,NoButton,Move,-1722,535
7252469,NoButton,Move,-1745,542
7252477,NoButton,Move,-1759,544
7252485,NoButton,Move,-1771,546
7252493,NoButton,Move,-1779,547
7252501,NoButton,Move,-1784,548
7252509,NoButton,Move,-1787,548
7252517,NoButton,Move,-1788,548
7252653,NoButton,Move,-1788,548
7252661,NoButton,Move,-1786,548
7252669,NoButton,Move,-1784,548
7252677,NoButton,Move,-1782,548
7252685,NoButton,Move,-1780,548
7252693,NoButton,Move,-1778,547
7252701,NoButton,Move,-1774,546
7252709,NoButton,Move,-1768,545
7252717,NoButton,Move,-1763,544
7252725,NoButton,Move,-1756,543
7252733,NoButton,Move,-1749,543
7252741,NoButton,Move,-1742,543
7252749,NoButton,Move,-1737,543
7252757,NoButton,Move,-1734,543
7252765,NoButton,Move,-1731,543
7252773,NoButton,Move,-1729,543
7252789,NoButton,Move,-1729,543
7252869,Nobutton,Scrool,-1729,-1729
7252893,Nobutton,Scrool,-1729,-1729
7252901,Nobutton,Scrool,-1729,-1729
7252917,Nobutton,Scrool,-1729,-1729
7252925,Nobutton,Scrool,-1729,-1729
7252933,Nobutton,Scrool,-1729,-1729
7252949,Nobutton,Scrool,-1729,-1729
7253389,NoButton,Move,-1728,543
7253397,NoButton,Move,-1728,540
7253405,NoButton,Move,-1728,536
7253413,NoButton,Move,-1728,533
7253421,NoButton,Move,-1727,528
7253429,NoButton,Move,-1727,520
7253437,NoButton,Move,-1727,513
7253445,NoButton,Move,-1727,506
7253453,NoButton,Move,-1727,501
7253461,NoButton,Move,-1727,498
7253469,NoButton,Move,-1725,493
7253477,NoButton,Move,-1724,492
7253485,NoButton,Move,-1724,491
7253493,NoButton,Move,-1723,489
7253501,NoButton,Move,-1723,488
7253574,Nobutton,Scrool,-1723,-1723
7253629,Nobutton,Scrool,-1723,-1723
7262453,Nobutton,Scrool,-1723,-1723
7295101,Nobutton,Scrool,-1723,-1723
7295157,Nobutton,Scrool,-1723,-1723
7295229,Nobutton,Scrool,-1723,-1723
7295661,Nobutton,Scrool,-1723,-1723
7295686,Nobutton,Scrool,-1723,-1723
7299637,Nobutton,Scrool,-1723,-1723
7300045,Nobutton,Scrool,-1723,-1723
7300133,Nobutton,Scrool,-1723,-1723
7300254,Nobutton,Scrool,-1723,-1723
7307509,Nobutton,Scrool,-1723,-1723
7307565,Nobutton,Scrool,-1723,-1723
7307597,Nobutton,Scrool,-1723,-1723
7307661,Nobutton,Scrool,-1723,-1723
7307685,Nobutton,Scrool,-1723,-1723
7308541,Nobutton,Scrool,-1723,-1723
7309445,Nobutton,Scrool,-1723,-1723
7337741,NoButton,Move,-1722,488
7337748,NoButton,Move,-1717,492
7337757,NoButton,Move,-1713,504
7337765,NoButton,Move,-1706,513
7337773,NoButton,Move,-1701,522
7337781,NoButton,Move,-1698,532
7337789,NoButton,Move,-1693,539
7337797,NoButton,Move,-1691,546
7337798,Nobutton,Scrool,-1691,-1691
7337805,NoButton,Move,-1690,550
7337812,NoButton,Move,-1688,554
7337820,NoButton,Move,-1687,557
7337829,NoButton,Move,-1685,560
7337836,NoButton,Move,-1685,563
7337845,NoButton,Move,-1684,565
7337852,NoButton,Move,-1683,565
7337861,Nobutton,Scrool,-1683,-1683
7337934,Nobutton,Scrool,-1683,-1683
7338397,NoButton,Move,-1683,565
7338405,NoButton,Move,-1681,565
7338413,NoButton,Move,-1677,565
7338421,NoButton,Move,-1674,565
7338429,NoButton,Move,-1671,565
7338437,NoButton,Move,-1668,563
7338445,NoButton,Move,-1664,561
7338453,NoButton,Move,-1661,561
7338461,NoButton,Move,-1659,559
7338469,NoButton,Move,-1657,558
7338477,NoButton,Move,-1656,557
7338485,NoButton,Move,-1655,557
7338581,NoButton,Move,-1655,556
7338981,Nobutton,Scrool,-1655,-1655
7339021,Nobutton,Scrool,-1655,-1655
7339501,Nobutton,Scrool,-1655,-1655
7339525,Nobutton,Scrool,-1655,-1655
7339582,Nobutton,Scrool,-1655,-1655
7339725,Nobutton,Scrool,-1655,-1655
7339997,Nobutton,Scrool,-1655,-1655
7340012,Nobutton,Scrool,-1655,-1655
7340020,Nobutton,Scrool,-1655,-1655
7340052,Nobutton,Scrool,-1655,-1655
7340093,Nobutton,Scrool,-1655,-1655
7340149,NoButton,Move,-1655,556
7342205,NoButton,Move,-1654,556
7342212,NoButton,Move,-1647,556
7342221,NoButton,Move,-1631,556
7342229,NoButton,Move,-1619,556
7342236,NoButton,Move,-1609,556
7342244,NoButton,Move,-1601,556
7342253,NoButton,Move,-1594,556
7342261,NoButton,Move,-1588,556
7342269,NoButton,Move,-1584,556
7342277,NoButton,Move,-1581,558
7342285,NoButton,Move,-1579,558
7342429,NoButton,Move,-1579,561
7342437,NoButton,Move,-1580,561
7342445,NoButton,Move,-1580,561
7342453,NoButton,Move,-1580,562
7342461,NoButton,Move,-1577,563
7342469,NoButton,Move,-1573,564
7342477,NoButton,Move,-1567,564
7342484,NoButton,Move,-1563,564
7342493,NoButton,Move,-1557,564
7342501,NoButton,Move,-1555,564
7342509,NoButton,Move,-1553,564
7342517,NoButton,Move,-1551,564
7342525,NoButton,Move,-1551,565
7342541,NoButton,Move,-1550,565
7342549,NoButton,Move,-1549,565
7342573,NoButton,Move,-1548,565
7342589,NoButton,Move,-1548,564
7342604,NoButton,Move,-1547,564
7342637,NoButton,Move,-1547,563
7343245,NoButton,Move,-1547,559
7343252,NoButton,Move,-1547,551
7343261,NoButton,Move,-1552,538
7343269,NoButton,Move,-1560,527
7343277,NoButton,Move,-1566,513
7343285,NoButton,Move,-1573,498
7343293,NoButton,Move,-1585,479
7343301,NoButton,Move,-1599,457
7343309,NoButton,Move,-1618,430
7343317,NoButton,Move,-1636,403
7343325,NoButton,Move,-1653,376
7343333,NoButton,Move,-1676,348
7343340,NoButton,Move,-1697,318
7343349,NoButton,Move,-1726,291
7343357,NoButton,Move,-1751,263
7343365,NoButton,Move,-1767,238
7343373,NoButton,Move,-1783,216
7343381,NoButton,Move,-1797,194
7343389,NoButton,Move,-1807,178
7343397,NoButton,Move,-1817,160
7343405,NoButton,Move,-1823,149
7343413,NoButton,Move,-1829,145
7343421,NoButton,Move,-1830,143
7343685,NoButton,Move,-1831,143
7343692,NoButton,Move,-1831,143
7343701,NoButton,Move,-1832,143
7343709,NoButton,Move,-1833,143
7343725,NoButton,Move,-1833,143
7344189,NoButton,Move,-1833,143
7345957,NoButton,Move,-1833,145
7345965,NoButton,Move,-1832,148
7345972,NoButton,Move,-1831,150
7345980,NoButton,Move,-1831,151
7345989,NoButton,Move,-1831,152
7345997,NoButton,Move,-1831,152
7346005,NoButton,Move,-1832,153
7346013,NoButton,Move,-1833,153
7346021,NoButton,Move,-1835,153
7346029,NoButton,Move,-1837,153
7346037,NoButton,Move,-1839,153
7346045,NoButton,Move,-1842,153
7346053,NoButton,Move,-1844,153
7346061,NoButton,Move,-1849,153
7346069,NoButton,Move,-1853,151
7346077,NoButton,Move,-1860,149
7346085,NoButton,Move,-1865,145
7346093,NoButton,Move,-1871,140
7346101,NoButton,Move,-1876,134
7346128,NoButton,Move,-1880,128
7346128,NoButton,Move,-1884,121
7346128,NoButton,Move,-1887,113
7346133,NoButton,Move,-1892,105
7346141,NoButton,Move,-1897,97
7346149,NoButton,Move,-1899,87
7346157,NoButton,Move,-1902,80
7346165,NoButton,Move,-1905,70
7346173,NoButton,Move,-1907,62
7346181,NoButton,Move,-1909,55
7346189,NoButton,Move,-1912,49
7346197,NoButton,Move,-1913,41
7346205,NoButton,Move,-1915,36
7346213,NoButton,Move,-1917,31
7346221,NoButton,Move,-1918,28
7346229,NoButton,Move,-1919,24
7346237,NoButton,Move,-1919,21
7346245,NoButton,Move,-1919,20
7346253,NoButton,Move,-1919,20
7346261,NoButton,Move,-1919,19
7346541,NoButton,Move,-1919,19
7346549,NoButton,Move,-1919,21
7346557,NoButton,Move,-1919,24
7346565,NoButton,Move,-1919,26
7346573,NoButton,Move,-1919,29
7346581,NoButton,Move,-1919,31
7346589,NoButton,Move,-1919,33
7346597,NoButton,Move,-1919,34
7346605,NoButton,Move,-1919,35
7346612,NoButton,Move,-1919,37
7346621,NoButton,Move,-1919,38
7346629,NoButton,Move,-1919,39
7346637,NoButton,Move,-1919,39
7346669,NoButton,Move,-1919,40
7347349,NoButton,Move,-1919,41
7347357,NoButton,Move,-1919,43
7347365,NoButton,Move,-1919,44
7347373,NoButton,Move,-1919,45
7347381,NoButton,Move,-1919,45
7347389,NoButton,Move,-1919,46
7347412,NoButton,Move,-1919,47
7347925,NoButton,Move,-1919,48
7347933,NoButton,Move,-1919,53
7347941,NoButton,Move,-1919,59
7347949,NoButton,Move,-1919,63
7347957,NoButton,Move,-1919,65
7347965,NoButton,Move,-1919,67
7347973,NoButton,Move,-1919,69
7347980,NoButton,Move,-1919,71
7347989,NoButton,Move,-1919,72
7347996,NoButton,Move,-1919,73
7348005,NoButton,Move,-1919,73
7348141,NoButton,Move,-1919,73
7348149,NoButton,Move,-1921,71
7348157,NoButton,Move,-1921,68
7348165,NoButton,Move,-1921,64
7348173,NoButton,Move,-1921,61
7348180,NoButton,Move,-1922,57
7348189,NoButton,Move,-1921,52
7348197,NoButton,Move,-1921,48
7348204,NoButton,Move,-1923,44
7348212,NoButton,Move,-1923,41
7348220,NoButton,Move,-1920,38
7348229,NoButton,Move,-1922,36
7348237,NoButton,Move,-1921,33
7348245,NoButton,Move,-1922,32
7348253,NoButton,Move,-1921,30
7348261,NoButton,Move,-1921,29
7348269,NoButton,Move,-1920,29
7348277,NoButton,Move,-1921,28
7348309,NoButton,Move,-1920,28
7348469,NoButton,Move,-1920,28
7348477,NoButton,Move,-1920,30
7348485,NoButton,Move,-1920,32
7348501,NoButton,Move,-1920,32
7348700,NoButton,Move,-1921,32
7348709,NoButton,Move,-1920,33
7348717,NoButton,Move,-1920,35
7348725,NoButton,Move,-1920,36
7348733,NoButton,Move,-1920,37
7348741,NoButton,Move,-1920,39
7348748,NoButton,Move,-1920,40
7348757,NoButton,Move,-1920,41
7348765,NoButton,Move,-1920,42
7348773,NoButton,Move,-1919,43
7348781,NoButton,Move,-1919,44
7348788,NoButton,Move,-1919,46
7348797,NoButton,Move,-1919,46
7348804,NoButton,Move,-1919,47
7348941,NoButton,Move,-1919,47
7348948,NoButton,Move,-1919,47
7348965,NoButton,Move,-1919,46
7349005,NoButton,Move,-1918,46
7349013,NoButton,Move,-1918,46
7349021,NoButton,Move,-1916,46
7349028,NoButton,Move,-1916,46
7349037,NoButton,Move,-1915,46
7349045,NoButton,Move,-1914,46
7349052,NoButton,Move,-1913,46
7349061,NoButton,Move,-1911,46
7349069,NoButton,Move,-1910,46
7349077,NoButton,Move,-1909,48
7349085,NoButton,Move,-1906,49
7349093,NoButton,Move,-1906,50
7349101,NoButton,Move,-1905,51
7349109,NoButton,Move,-1904,51
7349117,NoButton,Move,-1903,52
7349141,NoButton,Move,-1902,52
7349277,Left,Pressed,-1902,52
7349396,Left,Released,-1902,52
7350213,NoButton,Move,-1902,53
7350221,NoButton,Move,-1898,59
7350229,NoButton,Move,-1886,80
7350237,NoButton,Move,-1871,104
7350245,NoButton,Move,-1859,126
7350253,NoButton,Move,-1845,150
7350261,NoButton,Move,-1831,171
7350269,NoButton,Move,-1817,191
7350277,NoButton,Move,-1806,209
7350285,NoButton,Move,-1796,223
7350293,NoButton,Move,-1788,233
7350301,NoButton,Move,-1778,242
7350309,NoButton,Move,-1767,249
7350317,NoButton,Move,-1758,257
7350325,NoButton,Move,-1747,263
7350333,NoButton,Move,-1738,268
7350341,NoButton,Move,-1731,271
7350349,NoButton,Move,-1725,273
7350357,NoButton,Move,-1722,273
7350365,NoButton,Move,-1720,274
7350373,NoButton,Move,-1719,274
7350381,NoButton,Move,-1718,275
7350981,NoButton,Move,-1718,274
7350989,NoButton,Move,-1718,273
7350997,NoButton,Move,-1719,272
7351005,NoButton,Move,-1720,271
7351013,NoButton,Move,-1720,271
7351021,NoButton,Move,-1721,270
7351028,NoButton,Move,-1721,270
7351037,NoButton,Move,-1721,269
7351045,NoButton,Move,-1722,268
7351053,NoButton,Move,-1722,268
7351061,NoButton,Move,-1722,268
7351268,NoButton,Move,-1722,267
7351276,NoButton,Move,-1726,267
7351284,NoButton,Move,-1729,266
7351293,NoButton,Move,-1732,264
7351301,NoButton,Move,-1738,262
7351309,NoButton,Move,-1744,262
7351316,NoButton,Move,-1749,262
7351325,NoButton,Move,-1755,260
7351332,NoButton,Move,-1759,258
7351341,NoButton,Move,-1761,256
7351349,NoButton,Move,-1761,256
7351517,NoButton,Move,-1761,255
7351565,NoButton,Move,-1761,255
7351573,NoButton,Move,-1761,255
7351581,NoButton,Move,-1761,256
7351589,NoButton,Move,-1761,257
7351596,NoButton,Move,-1761,258
7351605,NoButton,Move,-1760,258
7351613,NoButton,Move,-1760,259
7351652,NoButton,Move,-1760,259
7352109,NoButton,Move,-1760,259
7352117,NoButton,Move,-1760,260
7352133,Nobutton,Scrool,-1760,-1760
7352149,NoButton,Move,-1759,260
7352157,NoButton,Move,-1758,261
7352173,NoButton,Move,-1758,261
7352173,Nobutton,Scrool,-1758,-1758
7352213,NoButton,Move,-1758,262
7352221,Nobutton,Scrool,-1758,-1758
7352268,Nobutton,Scrool,-1758,-1758
7355357,Nobutton,Scrool,-1758,-1758
7355429,Nobutton,Scrool,-1758,-1758
7355517,Nobutton,Scrool,-1758,-1758
7358373,Nobutton,Scrool,-1758,-1758
7358421,Nobutton,Scrool,-1758,-1758
7358484,Nobutton,Scrool,-1758,-1758
7358532,Nobutton,Scrool,-1758,-1758
7359133,Nobutton,Scrool,-1758,-1758
7359188,Nobutton,Scrool,-1758,-1758
7360421,NoButton,Move,-1758,262
7360428,NoButton,Move,-1754,264
7360437,NoButton,Move,-1744,267
7360445,NoButton,Move,-1733,271
7360452,NoButton,Move,-1720,275
7360461,NoButton,Move,-1707,279
7360469,NoButton,Move,-1686,286
7360477,NoButton,Move,-1660,295
7360485,NoButton,Move,-1627,308
7360492,NoButton,Move,-1586,321
7360501,NoButton,Move,-1545,334
7360509,NoButton,Move,-1496,349
7360516,NoButton,Move,-1445,363
7360524,NoButton,Move,-1394,379
7360532,NoButton,Move,-1331,398
7360540,NoButton,Move,-1270,408
7360548,NoButton,Move,-1209,416
7360556,NoButton,Move,-1149,422
7360564,NoButton,Move,-1097,424
7360580,NoButton,Move,-1045,426
7360588,NoButton,Move,-1002,426
7360596,NoButton,Move,-969,426
7360604,NoButton,Move,-939,426
7360612,NoButton,Move,-918,426
7360620,NoButton,Move,-903,426
7360629,NoButton,Move,-891,426
7360636,NoButton,Move,-883,426
7360644,NoButton,Move,-880,426
7360652,NoButton,Move,-879,426
7360676,NoButton,Move,-878,426
7360924,NoButton,Move,-879,426
7360932,NoButton,Move,-882,425
7360940,NoButton,Move,-884,425
7360949,NoButton,Move,-887,424
7360957,NoButton,Move,-888,423
7360965,NoButton,Move,-889,423
7360972,NoButton,Move,-891,423
7360981,NoButton,Move,-893,422
7360988,NoButton,Move,-893,421
7360997,NoButton,Move,-895,421
7361005,NoButton,Move,-895,421
7361245,Left,Pressed,-895,421
7361381,Left,Released,-895,421
7362541,NoButton,Move,-896,421
7362549,NoButton,Move,-902,422
7362557,NoButton,Move,-912,425
7362565,NoButton,Move,-920,428
7362573,NoButton,Move,-932,432
7362581,NoButton,Move,-943,435
7362589,NoButton,Move,-954,435
7362613,NoButton,Move,-983,431
7362621,NoButton,Move,-988,428
7362629,NoButton,Move,-990,428
7362749,NoButton,Move,-990,428
7362756,NoButton,Move,-990,428
7362765,NoButton,Move,-988,427
7362772,NoButton,Move,-987,427
7362781,NoButton,Move,-986,426
7362789,NoButton,Move,-985,426
7362812,NoButton,Move,-985,426
7362821,NoButton,Move,-984,426
7362829,NoButton,Move,-983,426
7362837,NoButton,Move,-982,427
7362853,NoButton,Move,-982,427
7362861,NoButton,Move,-982,428
7362869,NoButton,Move,-982,429
7362877,NoButton,Move,-982,430
7362885,NoButton,Move,-982,430
7362901,NoButton,Move,-983,431
7362909,NoButton,Move,-983,432
7362917,NoButton,Move,-984,433
7362925,NoButton,Move,-984,436
7362943,NoButton,Move,-987,444
7362949,NoButton,Move,-989,450
7362957,NoButton,Move,-991,455
7362965,NoButton,Move,-993,461
7362973,NoButton,Move,-996,467
7362981,NoButton,Move,-1000,472
7362989,NoButton,Move,-1004,478
7362997,NoButton,Move,-1007,482
7363005,NoButton,Move,-1012,483
7363013,NoButton,Move,-1015,485
7363021,NoButton,Move,-1020,487
7363029,NoButton,Move,-1025,488
7363037,NoButton,Move,-1030,490
7363044,NoButton,Move,-1036,491
7363052,NoButton,Move,-1041,493
7363060,NoButton,Move,-1048,495
7363068,NoButton,Move,-1058,499
7363076,NoButton,Move,-1068,501
7363084,NoButton,Move,-1078,502
7363092,NoButton,Move,-1092,503
7363100,NoButton,Move,-1105,504
7363108,NoButton,Move,-1121,505
7363116,NoButton,Move,-1143,505
7363124,NoButton,Move,-1171,505
7363132,NoButton,Move,-1201,505
7363140,NoButton,Move,-1228,505
7363148,NoButton,Move,-1258,505
7363156,NoButton,Move,-1280,505
7363164,NoButton,Move,-1301,505
7363172,NoButton,Move,-1321,505
7363180,NoButton,Move,-1335,505
7363188,NoButton,Move,-1350,505
7363196,NoButton,Move,-1362,505
7363204,NoButton,Move,-1374,505
7363212,NoButton,Move,-1384,505
7363220,NoButton,Move,-1394,505
7363228,NoButton,Move,-1402,505
7363236,NoButton,Move,-1407,506
7363244,NoButton,Move,-1410,506
7363252,NoButton,Move,-1413,507
7363260,NoButton,Move,-1414,507
7363268,NoButton,Move,-1415,507
7363276,NoButton,Move,-1416,508
7363284,NoButton,Move,-1416,508
7363292,NoButton,Move,-1417,508
7363300,NoButton,Move,-1418,509
7363308,NoButton,Move,-1420,509
7363316,NoButton,Move,-1422,509
7363324,NoButton,Move,-1425,510
7363332,NoButton,Move,-1428,510
7363340,NoButton,Move,-1433,511
7363348,NoButton,Move,-1437,511
7363356,NoButton,Move,-1444,511
7363364,NoButton,Move,-1451,511
7363372,NoButton,Move,-1456,511
7363392,NoButton,Move,-1466,511
7363396,NoButton,Move,-1470,511
7363405,NoButton,Move,-1474,511
7363413,NoButton,Move,-1477,511
7363421,NoButton,Move,-1479,511
7363428,NoButton,Move,-1482,511
7363437,NoButton,Move,-1483,511
7363445,NoButton,Move,-1485,511
7363453,NoButton,Move,-1486,511
7363460,NoButton,Move,-1487,511
7363493,NoButton,Move,-1487,511
7363501,NoButton,Move,-1488,511
7363508,NoButton,Move,-1488,511
7363516,NoButton,Move,-1489,511
7363524,NoButton,Move,-1491,511
7363532,NoButton,Move,-1491,511
7363540,NoButton,Move,-1493,511
7363541,Nobutton,Scrool,-1493,-1493
7363549,NoButton,Move,-1495,513
7363557,Nobutton,Scrool,-1495,-1495
7363565,NoButton,Move,-1497,514
7363572,NoButton,Move,-1499,514
7363580,NoButton,Move,-1500,515
7363588,NoButton,Move,-1502,517
7363596,NoButton,Move,-1504,518
7363605,NoButton,Move,-1505,518
7363612,NoButton,Move,-1506,519
7363629,NoButton,Move,-1506,519
7363637,NoButton,Move,-1507,520
7363638,Nobutton,Scrool,-1507,-1507
7363653,NoButton,Move,-1507,520
7363669,NoButton,Move,-1508,520
7363677,NoButton,Move,-1508,520
7363700,NoButton,Move,-1509,520
7363756,Nobutton,Scrool,-1509,-1509
7363949,NoButton,Move,-1510,520
7363965,NoButton,Move,-1511,520
7363973,NoButton,Move,-1511,519
7363981,NoButton,Move,-1511,518
7363988,NoButton,Move,-1512,517
7363996,NoButton,Move,-1513,515
7364004,NoButton,Move,-1514,514
7364012,NoButton,Move,-1515,513
7364021,NoButton,Move,-1516,511
7364029,NoButton,Move,-1517,511
7364037,NoButton,Move,-1517,510
7364045,NoButton,Move,-1519,510
7364053,NoButton,Move,-1519,510
7364085,NoButton,Move,-1519,510
7364229,Nobutton,Scrool,-1519,-1519
7365221,Nobutton,Scrool,-1519,-1519
7365269,Nobutton,Scrool,-1519,-1519
7380661,Nobutton,Scrool,-1519,-1519
7381197,Nobutton,Scrool,-1519,-1519
7393677,Nobutton,Scrool,-1519,-1519
7393685,Nobutton,Scrool,-1519,-1519
7412589,NoButton,Move,-1515,510
7412597,NoButton,Move,-1493,504
7412604,NoButton,Move,-1450,493
7412612,NoButton,Move,-1406,489
7412620,NoButton,Move,-1371,489
7412629,NoButton,Move,-1346,482
7412637,NoButton,Move,-1329,477
7412645,NoButton,Move,-1315,472
7412652,NoButton,Move,-1300,466
7412661,NoButton,Move,-1284,461
7412669,NoButton,Move,-1259,453
7412676,NoButton,Move,-1229,445
7412685,NoButton,Move,-1193,441
7412693,NoButton,Move,-1156,436
7412701,NoButton,Move,-1126,434
7412709,NoButton,Move,-1099,434
7412716,NoButton,Move,-1077,434
7412725,NoButton,Move,-1057,434
7412733,NoButton,Move,-1041,434
7412741,NoButton,Move,-1029,434
7412749,NoButton,Move,-1020,434
7412757,NoButton,Move,-1013,432
7412765,NoButton,Move,-1008,430
7412772,NoButton,Move,-1005,430
7412781,NoButton,Move,-1004,430
7412805,NoButton,Move,-1004,429
7413236,NoButton,Move,-1004,429
7413245,NoButton,Move,-1005,428
7413252,NoButton,Move,-1008,427
7413261,NoButton,Move,-1008,427
7413269,NoButton,Move,-1009,426
7413276,NoButton,Move,-1012,426
7413285,NoButton,Move,-1014,425
7413293,NoButton,Move,-1016,424
7413301,NoButton,Move,-1017,424
7413309,NoButton,Move,-1019,423
7413316,NoButton,Move,-1020,423
7413325,NoButton,Move,-1021,423
7413332,NoButton,Move,-1021,423
7413341,NoButton,Move,-1021,422
7413349,NoButton,Move,-1022,422
7413565,NoButton,Move,-1019,422
7413572,NoButton,Move,-1011,422
7413581,NoButton,Move,-1002,422
7413589,NoButton,Move,-993,422
7413596,NoButton,Move,-983,422
7413605,NoButton,Move,-975,422
7413612,NoButton,Move,-967,422
7413620,NoButton,Move,-959,422
7413629,NoButton,Move,-952,422
7413637,NoButton,Move,-944,422
7413645,NoButton,Move,-939,422
7413652,NoButton,Move,-937,422
7413661,NoButton,Move,-936,422
7413669,NoButton,Move,-935,422
7413981,NoButton,Move,-935,422
7413989,NoButton,Move,-936,422
7414005,NoButton,Move,-938,422
7414012,NoButton,Move,-941,422
7414021,NoButton,Move,-943,422
7414029,NoButton,Move,-946,422
7414037,NoButton,Move,-950,422
7414045,NoButton,Move,-957,422
7414053,NoButton,Move,-965,422
7414061,NoButton,Move,-974,422
7414068,NoButton,Move,-985,422
7414076,NoButton,Move,-998,422
7414085,NoButton,Move,-1013,422
7414093,NoButton,Move,-1027,422
7414101,NoButton,Move,-1043,422
7414109,NoButton,Move,-1058,422
7414116,NoButton,Move,-1071,422
7414124,NoButton,Move,-1083,422
7414133,NoButton,Move,-1095,422
7414141,NoButton,Move,-1108,422
7414148,NoButton,Move,-1120,423
7414156,NoButton,Move,-1131,423
7414165,NoButton,Move,-1143,424
7414172,NoButton,Move,-1152,426
7414181,NoButton,Move,-1162,426
7414189,NoButton,Move,-1171,427
7414197,NoButton,Move,-1179,427
7414205,NoButton,Move,-1186,429
7414222,NoButton,Move,-1196,431
7414229,NoButton,Move,-1202,433
7414237,NoButton,Move,-1205,434
7414245,NoButton,Move,-1208,435
7414253,NoButton,Move,-1210,436
7414261,NoButton,Move,-1213,436
7414269,NoButton,Move,-1214,436
7414276,NoButton,Move,-1215,437
7414285,NoButton,Move,-1217,438
7414292,NoButton,Move,-1219,438
7414301,NoButton,Move,-1220,438
7414309,NoButton,Move,-1221,439
7414316,NoButton,Move,-1223,440
7414325,NoButton,Move,-1225,440
7414332,NoButton,Move,-1227,440
7414341,NoButton,Move,-1231,440
7414349,NoButton,Move,-1235,440
7414357,NoButton,Move,-1241,440
7414365,NoButton,Move,-1247,440
7414373,NoButton,Move,-1253,440
7414381,NoButton,Move,-1261,440
7414389,NoButton,Move,-1267,440
7414396,NoButton,Move,-1274,440
7414405,NoButton,Move,-1280,440
7414413,NoButton,Move,-1284,440
7414421,NoButton,Move,-1287,440
7414429,NoButton,Move,-1290,441
7414437,NoButton,Move,-1291,442
7414445,NoButton,Move,-1293,442
7414461,NoButton,Move,-1293,443
7414621,NoButton,Move,-1293,443
7414629,NoButton,Move,-1292,443
7414637,NoButton,Move,-1289,443
7414645,NoButton,Move,-1286,443
7414652,NoButton,Move,-1279,443
7414661,NoButton,Move,-1271,443
7414669,NoButton,Move,-1263,443
7414676,NoButton,Move,-1255,443
7414685,NoButton,Move,-1247,443
7414692,NoButton,Move,-1238,443
7414701,NoButton,Move,-1228,443
7414708,NoButton,Move,-1219,443
7414716,NoButton,Move,-1211,443
7414725,NoButton,Move,-1202,443
7414732,NoButton,Move,-1194,443
7414741,NoButton,Move,-1186,443
7414748,NoButton,Move,-1179,443
7414757,NoButton,Move,-1174,443
7414765,NoButton,Move,-1168,443
7414772,NoButton,Move,-1165,443
7414781,NoButton,Move,-1163,443
7414789,NoButton,Move,-1161,443
7414796,NoButton,Move,-1160,443
7414805,NoButton,Move,-1159,443
7414812,NoButton,Move,-1158,443
7414820,NoButton,Move,-1158,443
7415005,NoButton,Move,-1157,443
7415012,NoButton,Move,-1155,443
7415021,NoButton,Move,-1151,443
7415029,NoButton,Move,-1144,443
7415037,NoButton,Move,-1137,443
7415045,NoButton,Move,-1129,443
7415052,NoButton,Move,-1119,443
7415061,NoButton,Move,-1108,443
7415069,NoButton,Move,-1095,443
7415076,NoButton,Move,-1080,443
7415085,NoButton,Move,-1064,443
7415092,NoButton,Move,-1051,443
7415101,NoButton,Move,-1038,443
7415109,NoButton,Move,-1024,443
7415117,NoButton,Move,-1011,443
7415125,NoButton,Move,-999,443
7415132,NoButton,Move,-989,443
7415141,NoButton,Move,-981,443
7415149,NoButton,Move,-976,443
7415157,NoButton,Move,-973,443
7415165,NoButton,Move,-973,443
7415309,NoButton,Move,-972,443
7415316,NoButton,Move,-968,443
7415325,NoButton,Move,-960,443
7415332,NoButton,Move,-952,443
7415341,NoButton,Move,-940,443
7415349,NoButton,Move,-926,443
7415357,NoButton,Move,-912,443
7415365,NoButton,Move,-897,443
7415372,NoButton,Move,-883,443
7415380,NoButton,Move,-870,443
7415389,NoButton,Move,-858,443
7415396,NoButton,Move,-847,443
7415405,NoButton,Move,-839,443
7415413,NoButton,Move,-834,443
7415421,NoButton,Move,-831,443
7415429,NoButton,Move,-829,443
7415565,NoButton,Move,-830,443
7415572,NoButton,Move,-834,443
7415581,NoButton,Move,-840,443
7415589,NoButton,Move,-849,443
7415596,NoButton,Move,-857,446
7415605,NoButton,Move,-868,449
7415612,NoButton,Move,-880,454
7415620,NoButton,Move,-894,459
7415638,NoButton,Move,-933,471
7415645,NoButton,Move,-956,480
7415652,NoButton,Move,-975,486
7415661,NoButton,Move,-987,491
7415668,NoButton,Move,-1003,497
7415676,NoButton,Move,-1014,503
7415685,NoButton,Move,-1030,509
7415692,NoButton,Move,-1044,513
7415701,NoButton,Move,-1052,517
7415708,NoButton,Move,-1061,519
7415716,NoButton,Move,-1066,521
7415725,NoButton,Move,-1071,523
7415732,NoButton,Move,-1073,523
7415741,NoButton,Move,-1074,523
7415788,NoButton,Move,-1075,523
7416044,NoButton,Move,-1075,524
7416052,NoButton,Move,-1075,528
7416061,NoButton,Move,-1075,542
7416069,NoButton,Move,-1075,555
7416076,NoButton,Move,-1075,567
7416085,NoButton,Move,-1075,579
7416093,NoButton,Move,-1075,589
7416101,NoButton,Move,-1075,597
7416121,NoButton,Move,-1075,611
7416125,NoButton,Move,-1075,615
7416132,NoButton,Move,-1075,618
7416141,NoButton,Move,-1075,619
7416149,NoButton,Move,-1075,620
7416348,Nobutton,Scrool,-1075,-1075
7416373,NoButton,Move,-1075,621
7416389,NoButton,Move,-1075,621
7416390,Nobutton,Scrool,-1075,-1075
7416405,NoButton,Move,-1075,622
7416437,NoButton,Move,-1075,623
7416445,NoButton,Move,-1075,623
7416589,Nobutton,Scrool,-1075,-1075
7440540,NoButton,Move,-1075,625
7440548,NoButton,Move,-1071,629
7440556,NoButton,Move,-1070,631
7440572,NoButton,Move,-1070,631
7440581,NoButton,Move,-1070,631
7440596,NoButton,Move,-1070,631
7440604,NoButton,Move,-1070,629
7440612,NoButton,Move,-1069,625
7440620,NoButton,Move,-1068,623
7440628,NoButton,Move,-1068,621
7440637,NoButton,Move,-1068,619
7440644,NoButton,Move,-1068,619
7440732,NoButton,Move,-1074,619
7440740,NoButton,Move,-1084,619
7440756,NoButton,Move,-1098,619
7440765,NoButton,Move,-1106,619
7440772,NoButton,Move,-1111,619
7440780,NoButton,Move,-1113,619
7440788,NoButton,Move,-1115,618
7440796,NoButton,Move,-1117,617
7440804,NoButton,Move,-1118,617
7440812,NoButton,Move,-1119,617
7440828,NoButton,Move,-1119,617
7440844,NoButton,Move,-1118,617
7440860,NoButton,Move,-1118,617
7440876,NoButton,Move,-1117,617
7440893,NoButton,Move,-1117,617
7442276,NoButton,Move,-1116,617
7442740,NoButton,Move,-1116,618
7442748,NoButton,Move,-1116,620
7442756,NoButton,Move,-1107,621
7442764,NoButton,Move,-1100,621
7442781,NoButton,Move,-1100,621
7442788,NoButton,Move,-1100,620
7442804,NoButton,Move,-1097,618
7442813,NoButton,Move,-1086,618
7442820,NoButton,Move,-1068,617
7442828,NoButton,Move,-1040,617
7442836,NoButton,Move,-1021,617
7442932,NoButton,Move,-1018,618
7442940,NoButton,Move,-987,623
7442948,NoButton,Move,-950,629
7442956,NoButton,Move,-938,631
7442964,NoButton,Move,-928,634
7442973,NoButton,Move,-920,637
7442981,NoButton,Move,-914,639
7442988,NoButton,Move,-908,641
7442996,NoButton,Move,-906,642
7443005,NoButton,Move,-905,642
7443020,NoButton,Move,-905,643
7443037,NoButton,Move,-905,644
7443044,NoButton,Move,-905,644
7443052,NoButton,Move,-904,644
7443061,NoButton,Move,-904,645
7443076,NoButton,Move,-903,645
7443101,NoButton,Move,-903,645
7443117,NoButton,Move,-902,645
7443148,NoButton,Move,-902,645
7443156,NoButton,Move,-903,645
7443164,NoButton,Move,-906,642
7443172,NoButton,Move,-910,640
7443180,NoButton,Move,-917,634
7443188,NoButton,Move,-927,627
7443197,NoButton,Move,-940,617
7443204,NoButton,Move,-964,604
7443212,NoButton,Move,-991,586
7443220,NoButton,Move,-1029,561
7443229,NoButton,Move,-1067,534
7443237,NoButton,Move,-1113,504
7443244,NoButton,Move,-1167,471
7443252,NoButton,Move,-1215,439
7443260,NoButton,Move,-1274,408
7443268,NoButton,Move,-1332,381
7443276,NoButton,Move,-1390,354
7443284,NoButton,Move,-1448,324
7443292,NoButton,Move,-1495,305
7443300,NoButton,Move,-1537,288
7443318,NoButton,Move,-1598,268
7443324,NoButton,Move,-1620,260
7443332,NoButton,Move,-1632,257
7443340,NoButton,Move,-1640,254
7443348,NoButton,Move,-1645,251
7443356,NoButton,Move,-1646,251
7443709,NoButton,Move,-1647,251
7443717,NoButton,Move,-1648,251
7443724,NoButton,Move,-1651,251
7443732,NoButton,Move,-1653,252
7443740,NoButton,Move,-1657,253
7443748,NoButton,Move,-1658,255
7443756,NoButton,Move,-1660,256
7443764,NoButton,Move,-1662,258
7443772,NoButton,Move,-1663,258
7443780,NoButton,Move,-1664,259
7443788,NoButton,Move,-1666,260
7443796,NoButton,Move,-1667,260
7443804,NoButton,Move,-1668,261
7443988,NoButton,Move,-1668,261
7444156,NoButton,Move,-1669,261
7444164,NoButton,Move,-1671,261
7444172,NoButton,Move,-1677,261
7444181,NoButton,Move,-1686,261
7444188,NoButton,Move,-1694,261
7444196,NoButton,Move,-1704,261
7444204,NoButton,Move,-1712,257
7444212,NoButton,Move,-1730,250
7444220,NoButton,Move,-1742,246
7444228,NoButton,Move,-1756,241
7444236,NoButton,Move,-1767,235
7444244,NoButton,Move,-1775,232
7444252,NoButton,Move,-1779,229
7444260,NoButton,Move,-1782,224
7444268,NoButton,Move,-1784,222
7444276,NoButton,Move,-1784,220
7444493,NoButton,Move,-1784,220
7444500,NoButton,Move,-1783,220
7444508,NoButton,Move,-1780,222
7444516,NoButton,Move,-1778,222
7444524,NoButton,Move,-1778,221
7444540,NoButton,Move,-1778,220
7444572,NoButton,Move,-1778,220
7448140,NoButton,Move,-1777,221
7448148,NoButton,Move,-1775,225
7448157,NoButton,Move,-1775,227
7448165,NoButton,Move,-1775,227
7448172,NoButton,Move,-1774,227
7448180,NoButton,Move,-1773,227
7448188,NoButton,Move,-1771,227
7448196,NoButton,Move,-1768,227
7448204,NoButton,Move,-1763,227
7448212,NoButton,Move,-1759,227
7448221,NoButton,Move,-1755,227
7448228,NoButton,Move,-1751,227
7448236,NoButton,Move,-1746,227
7448244,NoButton,Move,-1743,227
7448252,NoButton,Move,-1740,227
7448260,NoButton,Move,-1738,227
7448268,NoButton,Move,-1735,227
7448276,NoButton,Move,-1734,228
7448285,NoButton,Move,-1734,229
7448300,NoButton,Move,-1734,229
7448308,NoButton,Move,-1734,230
7448324,NoButton,Move,-1734,230
7448333,NoButton,Move,-1734,230
7448340,NoButton,Move,-1734,232
7448348,NoButton,Move,-1734,233
7448364,NoButton,Move,-1734,234
7448372,NoButton,Move,-1734,235
7448388,NoButton,Move,-1734,236
7448404,NoButton,Move,-1733,236
7448628,NoButton,Move,-1733,236
7448644,NoButton,Move,-1733,236
7448660,NoButton,Move,-1734,236
7448668,NoButton,Move,-1734,236
7448676,NoButton,Move,-1734,236
7448685,NoButton,Move,-1735,235
7448709,NoButton,Move,-1735,235
7448724,NoButton,Move,-1735,235
7448741,NoButton,Move,-1736,235
7448748,NoButton,Move,-1736,234
7448756,NoButton,Move,-1736,234
7448772,NoButton,Move,-1736,233
7448781,NoButton,Move,-1736,233
7448796,NoButton,Move,-1737,232
7448805,NoButton,Move,-1738,232
7448813,NoButton,Move,-1738,230
7448820,NoButton,Move,-1739,228
7448828,NoButton,Move,-1741,226
7448836,NoButton,Move,-1742,220
7448844,NoButton,Move,-1746,213
7448852,NoButton,Move,-1752,203
7448860,NoButton,Move,-1760,192
7448868,NoButton,Move,-1767,179
7448877,NoButton,Move,-1775,166
7448884,NoButton,Move,-1783,155
7448892,NoButton,Move,-1791,143
7448900,NoButton,Move,-1798,131
7448908,NoButton,Move,-1804,121
7448916,NoButton,Move,-1811,111
7448924,NoButton,Move,-1816,103
7448932,NoButton,Move,-1822,96
7448941,NoButton,Move,-1826,90
7448948,NoButton,Move,-1828,85
7448956,NoButton,Move,-1830,81
7448964,NoButton,Move,-1833,77
7448973,NoButton,Move,-1834,75
7448981,NoButton,Move,-1834,74
7448988,NoButton,Move,-1835,72
7448996,NoButton,Move,-1836,72
7449004,NoButton,Move,-1836,71
7449028,NoButton,Move,-1836,71
7449340,NoButton,Move,-1837,71
7449348,NoButton,Move,-1840,70
7449356,NoButton,Move,-1841,68
7449364,NoButton,Move,-1843,66
7449372,NoButton,Move,-1848,64
7449380,NoButton,Move,-1851,61
7449389,NoButton,Move,-1857,59
7449396,NoButton,Move,-1863,56
7449404,NoButton,Move,-1866,55
7449413,NoButton,Move,-1872,53
7449420,NoButton,Move,-1875,52
7449428,NoButton,Move,-1879,51
7449436,NoButton,Move,-1883,49
7449444,NoButton,Move,-1886,48
7449452,NoButton,Move,-1889,47
7449460,NoButton,Move,-1891,45
7449469,NoButton,Move,-1893,44
7449477,NoButton,Move,-1894,43
7449485,NoButton,Move,-1895,43
7449492,NoButton,Move,-1895,42
7449501,NoButton,Move,-1896,42
7449508,NoButton,Move,-1896,41
7449516,NoButton,Move,-1897,41
7449548,NoButton,Move,-1897,41
7449725,Left,Pressed,-1897,41
7449852,Left,Released,-1897,41
7450820,NoButton,Move,-1897,42
7450828,NoButton,Move,-1893,56
7450836,NoButton,Move,-1877,88
7450844,NoButton,Move,-1860,117
7450852,NoButton,Move,-1847,143
7450860,NoButton,Move,-1831,175
7450869,NoButton,Move,-1817,206
7450876,NoButton,Move,-1797,241
7450884,NoButton,Move,-1779,277
7450892,NoButton,Move,-1766,306
7450908,NoButton,Move,-1752,332
7450916,NoButton,Move,-1738,356
7450924,NoButton,Move,-1726,375
7450932,NoButton,Move,-1716,389
7450940,NoButton,Move,-1710,399
7450948,NoButton,Move,-1704,406
7450956,NoButton,Move,-1702,410
7450964,NoButton,Move,-1700,411
7450972,NoButton,Move,-1700,412
7451028,NoButton,Move,-1699,412
7452668,Nobutton,Scrool,-1699,-1699
7452692,Nobutton,Scrool,-1699,-1699
7455788,Nobutton,Scrool,-1699,-1699
7455852,Nobutton,Scrool,-1699,-1699
7456741,Nobutton,Scrool,-1699,-1699
7456772,Nobutton,Scrool,-1699,-1699
7457340,Nobutton,Scrool,-1699,-1699
7457364,Nobutton,Scrool,-1699,-1699
7457381,Nobutton,Scrool,-1699,-1699
7458852,NoButton,Move,-1699,413
7458860,NoButton,Move,-1691,423
7458868,NoButton,Move,-1655,449
7458876,NoButton,Move,-1618,474
7458884,NoButton,Move,-1580,498
7458893,NoButton,Move,-1545,521
7458900,NoButton,Move,-1514,534
7458908,NoButton,Move,-1483,544
7458916,NoButton,Move,-1453,555
7458924,NoButton,Move,-1418,565
7458933,NoButton,Move,-1374,580
7458948,NoButton,Move,-1327,586
7458956,NoButton,Move,-1283,586
7458964,NoButton,Move,-1240,586
7458972,NoButton,Move,-1205,586
7458980,NoButton,Move,-1169,586
7458988,NoButton,Move,-1142,586
7458996,NoButton,Move,-1118,586
7459004,NoButton,Move,-1103,586
7459012,NoButton,Move,-1089,582
7459020,NoButton,Move,-1077,578
7459028,NoButton,Move,-1071,575
7459037,NoButton,Move,-1065,572
7459044,NoButton,Move,-1061,570
7459052,NoButton,Move,-1057,569
7459060,NoButton,Move,-1054,568
7459068,NoButton,Move,-1051,567
7459076,NoButton,Move,-1049,566
7459084,NoButton,Move,-1046,565
7459092,NoButton,Move,-1044,565
7459100,NoButton,Move,-1042,564
7459108,NoButton,Move,-1040,564
7459116,NoButton,Move,-1038,564
7459124,NoButton,Move,-1036,564
7459131,NoButton,Move,-1034,564
7459139,NoButton,Move,-1032,564
7459148,NoButton,Move,-1029,564
7459156,NoButton,Move,-1025,564
7459164,NoButton,Move,-1022,564
7459172,NoButton,Move,-1019,564
7459180,NoButton,Move,-1016,564
7459188,NoButton,Move,-1014,564
7459196,NoButton,Move,-1014,564
7459204,NoButton,Move,-1013,564
7459212,NoButton,Move,-1013,564
7460508,Left,Pressed,-1013,564
7460620,Left,Released,-1013,564
7460948,NoButton,Move,-1017,564
7460956,NoButton,Move,-1024,564
7460964,NoButton,Move,-1033,564
7460972,NoButton,Move,-1049,564
7460980,NoButton,Move,-1059,559
7460988,NoButton,Move,-1063,557
7461148,NoButton,Move,-1063,557
7461156,NoButton,Move,-1065,556
7461164,NoButton,Move,-1069,555
7461172,NoButton,Move,-1071,554
7461180,NoButton,Move,-1074,554
7461188,NoButton,Move,-1074,552
7461196,NoButton,Move,-1074,550
7461204,NoButton,Move,-1073,549
7461212,NoButton,Move,-1073,548
7461220,NoButton,Move,-1071,548
7461228,NoButton,Move,-1071,547
7461236,NoButton,Move,-1071,547
7461253,NoButton,Move,-1070,547
7461269,NoButton,Move,-1070,546
7461276,NoButton,Move,-1070,545
7461315,NoButton,Move,-1070,545
7461323,NoButton,Move,-1070,545
7461339,NoButton,Move,-1071,545
7461348,NoButton,Move,-1072,545
7461355,NoButton,Move,-1074,545
7461364,NoButton,Move,-1077,545
7461372,NoButton,Move,-1081,545
7461380,NoButton,Move,-1084,545
7461388,NoButton,Move,-1088,545
7461395,NoButton,Move,-1092,547
7461404,NoButton,Move,-1099,550
7461412,NoButton,Move,-1104,553
7461420,NoButton,Move,-1109,556
7461428,NoButton,Move,-1113,558
7461436,NoButton,Move,-1119,561
7461444,NoButton,Move,-1123,563
7461452,NoButton,Move,-1126,565
7461460,NoButton,Move,-1131,567
7461468,NoButton,Move,-1134,568
7461476,NoButton,Move,-1136,570
7461484,NoButton,Move,-1139,572
7461492,NoButton,Move,-1142,574
7461500,NoButton,Move,-1143,575
7461508,NoButton,Move,-1144,576
7461516,NoButton,Move,-1146,577
7461524,NoButton,Move,-1147,577
7461532,NoButton,Move,-1148,578
7461540,NoButton,Move,-1148,579
7461548,NoButton,Move,-1149,579
7461556,NoButton,Move,-1149,579
7461564,NoButton,Move,-1150,579
7461580,NoButton,Move,-1151,579
7461604,NoButton,Move,-1151,579
7461620,NoButton,Move,-1152,579
7461628,NoButton,Move,-1154,579
7461636,NoButton,Move,-1158,579
7461644,NoButton,Move,-1165,580
7461652,NoButton,Move,-1172,583
7461660,NoButton,Move,-1181,586
7461668,NoButton,Move,-1193,587
7461676,NoButton,Move,-1209,592
7461684,NoButton,Move,-1225,596
7461692,NoButton,Move,-1242,597
7461700,NoButton,Move,-1265,599
7461708,NoButton,Move,-1284,599
7461716,NoButton,Move,-1307,600
7461724,NoButton,Move,-1328,600
7461732,NoButton,Move,-1350,600
7461740,NoButton,Move,-1369,600
7461748,NoButton,Move,-1386,600
7461756,NoButton,Move,-1399,600
7461764,NoButton,Move,-1411,600
7461772,NoButton,Move,-1420,600
7461788,NoButton,Move,-1429,600
7461796,NoButton,Move,-1430,600
7461804,NoButton,Move,-1431,600
7461892,Nobutton,Scrool,-1431,-1431
7461908,Nobutton,Scrool,-1431,-1431
7461948,Nobutton,Scrool,-1431,-1431
7461988,Nobutton,Scrool,-1431,-1431
7462108,NoButton,Move,-1431,600
7462124,NoButton,Move,-1431,597
7462132,NoButton,Move,-1431,592
7462139,NoButton,Move,-1431,588
7462148,NoButton,Move,-1431,584
7462155,NoButton,Move,-1431,580
7462164,NoButton,Move,-1431,575
7462171,NoButton,Move,-1431,569
7462180,NoButton,Move,-1431,564
7462187,NoButton,Move,-1431,558
7462196,NoButton,Move,-1431,554
7462204,NoButton,Move,-1431,550
7462211,NoButton,Move,-1431,547
7462220,NoButton,Move,-1432,544
7462228,NoButton,Move,-1433,542
7462236,NoButton,Move,-1433,541
7462244,NoButton,Move,-1434,540
7462251,NoButton,Move,-1434,539
7462267,NoButton,Move,-1435,539
7462284,NoButton,Move,-1435,538
7462797,Nobutton,Scrool,-1435,-1435
7462828,Nobutton,Scrool,-1435,-1435
7462877,Nobutton,Scrool,-1435,-1435
7468468,Nobutton,Scrool,-1435,-1435
7468540,Nobutton,Scrool,-1435,-1435
7469244,NoButton,Move,-1432,537
7469252,NoButton,Move,-1412,531
7469260,NoButton,Move,-1387,523
7469268,NoButton,Move,-1352,511
7469276,NoButton,Move,-1306,499
7469297,NoButton,Move,-1208,466
7469300,NoButton,Move,-1159,450
7469308,NoButton,Move,-1112,435
7469316,NoButton,Move,-1066,419
7469324,NoButton,Move,-1022,404
7469332,NoButton,Move,-986,391
7469340,NoButton,Move,-959,382
7469348,NoButton,Move,-940,376
7469356,NoButton,Move,-929,373
7469364,NoButton,Move,-921,370
7469372,NoButton,Move,-917,368
7469380,NoButton,Move,-916,367
7469412,NoButton,Move,-916,367
7470332,NoButton,Move,-916,367
7470340,NoButton,Move,-916,366
7470348,NoButton,Move,-917,366
7470356,NoButton,Move,-925,366
7470364,NoButton,Move,-925,366
7470532,NoButton,Move,-925,365
7470596,NoButton,Move,-925,365
7470668,NoButton,Move,-925,365
7471684,NoButton,Move,-925,365
7471764,NoButton,Move,-925,366
7471772,NoButton,Move,-927,367
7471780,NoButton,Move,-930,369
7471788,NoButton,Move,-933,369
7471796,NoButton,Move,-938,370
7471804,NoButton,Move,-944,370
7471812,NoButton,Move,-949,370
7471820,NoButton,Move,-957,370
7471828,NoButton,Move,-968,370
7471836,NoButton,Move,-977,369
7471844,NoButton,Move,-990,366
7471852,NoButton,Move,-1001,362
7471861,NoButton,Move,-1012,358
7471868,NoButton,Move,-1020,355
7471876,NoButton,Move,-1025,353
7471884,NoButton,Move,-1028,351
7471892,NoButton,Move,-1033,347
7471900,NoButton,Move,-1035,345
7471908,NoButton,Move,-1037,343
7471916,NoButton,Move,-1038,342
7471924,NoButton,Move,-1039,341
7471932,NoButton,Move,-1039,341
7471940,NoButton,Move,-1039,340
7471948,NoButton,Move,-1039,339
7471956,NoButton,Move,-1039,338
7471964,NoButton,Move,-1040,337
7471972,NoButton,Move,-1040,336
7471981,NoButton,Move,-1041,334
7471988,NoButton,Move,-1042,333
7471996,NoButton,Move,-1042,332
7472004,NoButton,Move,-1044,330
7472012,NoButton,Move,-1045,329
7472020,NoButton,Move,-1045,327
7472028,NoButton,Move,-1047,324
7472036,NoButton,Move,-1048,322
7472044,NoButton,Move,-1050,320
7472052,NoButton,Move,-1052,318
7472060,NoButton,Move,-1054,315
7472068,NoButton,Move,-1055,314
7472076,NoButton,Move,-1056,313
7472084,NoButton,Move,-1058,311
7472092,NoButton,Move,-1060,310
7472100,NoButton,Move,-1061,309
7472108,NoButton,Move,-1064,308
7472116,NoButton,Move,-1066,308
7472124,NoButton,Move,-1066,308
7472132,NoButton,Move,-1068,308
7472140,NoButton,Move,-1068,308
7472148,NoButton,Move,-1069,308
7472156,NoButton,Move,-1069,308
7472172,NoButton,Move,-1070,308
7472188,NoButton,Move,-1070,307
7472196,NoButton,Move,-1071,307
7472236,NoButton,Move,-1072,307
7472285,NoButton,Move,-1072,307
7472292,NoButton,Move,-1073,307
7472300,NoButton,Move,-1073,307
7472308,NoButton,Move,-1074,307
7472317,NoButton,Move,-1075,307
7472325,NoButton,Move,-1076,307
7472333,NoButton,Move,-1078,307
7472340,NoButton,Move,-1081,307
7472348,NoButton,Move,-1085,307
7472356,NoButton,Move,-1088,307
7472364,NoButton,Move,-1090,307
7472372,NoButton,Move,-1092,307
7472380,NoButton,Move,-1094,307
7472388,NoButton,Move,-1096,307
7472396,NoButton,Move,-1097,307
7472412,NoButton,Move,-1097,307
7472652,NoButton,Move,-1097,307
7472660,NoButton,Move,-1097,309
7472668,NoButton,Move,-1097,313
7472676,NoButton,Move,-1097,316
7472684,NoButton,Move,-1097,318
7472692,NoButton,Move,-1097,321
7472700,NoButton,Move,-1097,322
7476893,Left,Pressed,-1097,322
7477004,Left,Released,-1097,322
7479324,NoButton,Move,-1100,324
7479332,NoButton,Move,-1108,331
7479340,NoButton,Move,-1119,336
7479348,NoButton,Move,-1133,342
7479356,NoButton,Move,-1155,348
7479364,NoButton,Move,-1185,358
7479371,NoButton,Move,-1208,365
7479379,NoButton,Move,-1240,376
7479388,NoButton,Move,-1284,387
7479396,NoButton,Move,-1323,392
7479404,NoButton,Move,-1360,398
7479412,NoButton,Move,-1401,399
7479420,NoButton,Move,-1433,399
7479428,NoButton,Move,-1461,399
7479436,NoButton,Move,-1480,399
7479444,NoButton,Move,-1493,399
7479452,NoButton,Move,-1502,399
7479460,NoButton,Move,-1509,400
7479468,NoButton,Move,-1512,400
7479476,NoButton,Move,-1513,400
7479484,NoButton,Move,-1513,400
7484140,NoButton,Move,-1514,400
7547075,NoButton,Move,-1515,400
7547084,NoButton,Move,-1519,396
7547091,NoButton,Move,-1530,388
7547099,NoButton,Move,-1540,380
7547108,NoButton,Move,-1551,375
7547115,NoButton,Move,-1558,372
7547243,NoButton,Move,-1560,372
7547251,NoButton,Move,-1563,370
7547259,NoButton,Move,-1563,370
7547267,NoButton,Move,-1563,369
7547275,NoButton,Move,-1563,368
7547284,NoButton,Move,-1563,367
7547292,NoButton,Move,-1563,366
7547300,NoButton,Move,-1563,364
7547308,NoButton,Move,-1563,363
7547316,NoButton,Move,-1563,363
7547324,NoButton,Move,-1562,361
7547332,NoButton,Move,-1560,359
7547340,NoButton,Move,-1560,358
7547347,NoButton,Move,-1559,357
7547355,NoButton,Move,-1559,356
7547364,NoButton,Move,-1559,355
7547372,NoButton,Move,-1559,355
7547379,NoButton,Move,-1558,355
7547420,NoButton,Move,-1558,354
7547443,NoButton,Move,-1555,354
7547451,NoButton,Move,-1544,354
7547459,NoButton,Move,-1531,354
7547467,NoButton,Move,-1513,354
7547475,NoButton,Move,-1491,354
7547483,NoButton,Move,-1463,354
7547492,NoButton,Move,-1436,353
7547500,NoButton,Move,-1413,351
7547508,NoButton,Move,-1394,351
7547515,NoButton,Move,-1375,346
7547523,NoButton,Move,-1364,343
7547531,NoButton,Move,-1356,341
7547549,NoButton,Move,-1349,338
7547723,NoButton,Move,-1349,338
7547732,NoButton,Move,-1353,338
7547739,NoButton,Move,-1358,340
7547748,NoButton,Move,-1365,342
7547755,NoButton,Move,-1373,344
7547764,NoButton,Move,-1383,347
7547772,NoButton,Move,-1393,350
7547780,NoButton,Move,-1404,355
7547788,NoButton,Move,-1419,357
7547796,NoButton,Move,-1432,360
7547804,NoButton,Move,-1447,360
7547812,NoButton,Move,-1459,360
7547820,NoButton,Move,-1468,360
7547828,NoButton,Move,-1475,360
7547835,NoButton,Move,-1478,360
7547844,NoButton,Move,-1480,360
7547852,NoButton,Move,-1481,360
7547867,NoButton,Move,-1482,360
7605059,NoButton,Move,-1482,360
7605083,NoButton,Move,-1483,360
7605092,NoButton,Move,-1483,361
7605123,NoButton,Move,-1483,361
7605220,NoButton,Move,-1484,361
7607131,NoButton,Move,-1485,361
7607188,NoButton,Move,-1485,361
7608579,NoButton,Move,-1485,364
7608587,NoButton,Move,-1488,370
7608595,NoButton,Move,-1491,377
7608603,NoButton,Move,-1494,384
7608611,NoButton,Move,-1498,390
7608620,NoButton,Move,-1502,396
7608627,NoButton,Move,-1505,401
7608635,NoButton,Move,-1507,405
7608643,NoButton,Move,-1508,407
7608651,NoButton,Move,-1509,407
7608659,NoButton,Move,-1509,407
7609036,NoButton,Move,-1509,407
7609043,NoButton,Move,-1507,407
7609051,NoButton,Move,-1505,407
7609060,NoButton,Move,-1503,407
7609068,NoButton,Move,-1502,407
7609076,NoButton,Move,-1502,407
7609083,NoButton,Move,-1500,407
7609139,NoButton,Move,-1500,407
7609539,NoButton,Move,-1500,407
7609547,NoButton,Move,-1506,407
7609555,NoButton,Move,-1508,407
7609563,NoButton,Move,-1509,406
7609571,NoButton,Move,-1510,403
7609579,NoButton,Move,-1510,402
7609860,NoButton,Move,-1510,402
7609876,NoButton,Move,-1510,401
7610843,NoButton,Move,-1510,401
7610875,NoButton,Move,-1510,401
7610883,NoButton,Move,-1508,401
7610891,NoButton,Move,-1504,400
7610899,NoButton,Move,-1498,400
7610907,NoButton,Move,-1493,399
7610915,NoButton,Move,-1487,399
7610923,NoButton,Move,-1483,398
7610931,NoButton,Move,-1480,398
7610939,NoButton,Move,-1478,398
7610947,NoButton,Move,-1476,398
7610955,NoButton,Move,-1476,398
7612580,Nobutton,Scrool,-1476,-1476
7612635,Nobutton,Scrool,-1476,-1476
7612676,Nobutton,Scrool,-1476,-1476
7612740,Nobutton,Scrool,-1476,-1476
7623628,Nobutton,Scrool,-1476,-1476
7623667,Nobutton,Scrool,-1476,-1476
7623683,NoButton,Move,-1476,398
7623691,NoButton,Move,-1475,398
7623707,NoButton,Move,-1475,398
7623708,Nobutton,Scrool,-1475,-1475
7623715,NoButton,Move,-1475,398
7623723,NoButton,Move,-1475,399
7623731,Nobutton,Scrool,-1475,-1475
7623771,NoButton,Move,-1475,400
7623787,Nobutton,Scrool,-1475,-1475
7624604,Nobutton,Scrool,-1475,-1475
7624675,Nobutton,Scrool,-1475,-1475
7624788,Nobutton,Scrool,-1475,-1475
7624811,Nobutton,Scrool,-1475,-1475
7624835,Nobutton,Scrool,-1475,-1475
7624851,Nobutton,Scrool,-1475,-1475
7624868,Nobutton,Scrool,-1475,-1475
7624892,Nobutton,Scrool,-1475,-1475
7624907,Nobutton,Scrool,-1475,-1475
7624956,Nobutton,Scrool,-1475,-1475
7625427,Nobutton,Scrool,-1475,-1475
7625452,Nobutton,Scrool,-1475,-1475
7625460,Nobutton,Scrool,-1475,-1475
7625468,Nobutton,Scrool,-1475,-1475
7625475,Nobutton,Scrool,-1475,-1475
7625483,Nobutton,Scrool,-1475,-1475
7625507,Nobutton,Scrool,-1475,-1475
7625523,Nobutton,Scrool,-1475,-1475
7625540,Nobutton,Scrool,-1475,-1475
7625555,Nobutton,Scrool,-1475,-1475
7625580,Nobutton,Scrool,-1475,-1475
7626260,NoButton,Move,-1475,400
7626268,NoButton,Move,-1475,397
7626276,NoButton,Move,-1477,387
7626284,NoButton,Move,-1495,375
7626292,NoButton,Move,-1512,361
7626300,NoButton,Move,-1526,343
7626307,NoButton,Move,-1539,326
7626315,NoButton,Move,-1548,310
7626323,NoButton,Move,-1560,289
7626332,NoButton,Move,-1572,270
7626340,NoButton,Move,-1580,255
7626347,NoButton,Move,-1587,240
7626356,NoButton,Move,-1592,227
7626364,NoButton,Move,-1600,214
7626380,NoButton,Move,-1605,200
7626388,NoButton,Move,-1612,187
7626396,NoButton,Move,-1618,173
7626404,NoButton,Move,-1628,161
7626412,NoButton,Move,-1634,150
7626420,NoButton,Move,-1643,137
7626428,NoButton,Move,-1650,127
7626435,NoButton,Move,-1656,117
7626443,NoButton,Move,-1662,108
7626452,NoButton,Move,-1668,101
7626459,NoButton,Move,-1670,95
7626468,NoButton,Move,-1675,91
7626476,NoButton,Move,-1679,87
7626484,NoButton,Move,-1682,86
7626492,NoButton,Move,-1686,83
7626500,NoButton,Move,-1688,82
7626507,NoButton,Move,-1691,81
7626515,NoButton,Move,-1694,80
7626523,NoButton,Move,-1697,80
7626532,NoButton,Move,-1700,80
7626540,NoButton,Move,-1705,80
7626548,NoButton,Move,-1713,80
7626555,NoButton,Move,-1723,79
7626563,NoButton,Move,-1733,78
7626572,NoButton,Move,-1748,77
7626580,NoButton,Move,-1760,76
7626588,NoButton,Move,-1773,76
7626596,NoButton,Move,-1786,76
7626604,NoButton,Move,-1805,73
7626612,NoButton,Move,-1820,73
7626620,NoButton,Move,-1833,73
7626628,NoButton,Move,-1846,73
7626635,NoButton,Move,-1857,73
7626643,NoButton,Move,-1865,73
7626652,NoButton,Move,-1870,73
7626659,NoButton,Move,-1873,73
7626668,NoButton,Move,-1876,73
7626676,NoButton,Move,-1877,73
7626684,NoButton,Move,-1877,73
7626691,NoButton,Move,-1878,72
7626723,NoButton,Move,-1878,71
7626740,NoButton,Move,-1879,70
7626748,NoButton,Move,-1879,70
7626755,NoButton,Move,-1879,69
7626764,NoButton,Move,-1879,68
7626772,NoButton,Move,-1879,68
7626788,NoButton,Move,-1880,67
7626795,NoButton,Move,-1880,67
7626804,NoButton,Move,-1881,66
7626812,NoButton,Move,-1882,65
7626820,NoButton,Move,-1882,64
7626828,NoButton,Move,-1883,64
7626835,NoButton,Move,-1883,64
7626844,NoButton,Move,-1883,63
7626852,NoButton,Move,-1883,62
7626860,NoButton,Move,-1884,62
7626868,NoButton,Move,-1884,61
7626875,NoButton,Move,-1885,60
7626883,NoButton,Move,-1885,60
7626892,NoButton,Move,-1886,59
7626899,NoButton,Move,-1886,58
7626907,NoButton,Move,-1886,58
7626915,NoButton,Move,-1887,57
7626924,NoButton,Move,-1888,56
7626931,NoButton,Move,-1888,55
7626939,NoButton,Move,-1889,55
7626947,NoButton,Move,-1889,54
7626955,NoButton,Move,-1889,54
7626963,NoButton,Move,-1890,54
7626971,NoButton,Move,-1890,53
7626988,NoButton,Move,-1890,53
7627012,NoButton,Move,-1890,52
7627084,Left,Pressed,-1890,52
7627220,Left,Released,-1890,52
7627731,NoButton,Move,-1890,53
7627739,NoButton,Move,-1889,60
7627747,NoButton,Move,-1883,72
7627755,NoButton,Move,-1879,84
7627763,NoButton,Move,-1868,103
7627772,NoButton,Move,-1855,122
7627779,NoButton,Move,-1838,147
7627787,NoButton,Move,-1823,176
7627795,NoButton,Move,-1805,201
7627803,NoButton,Move,-1786,226
7627813,NoButton,Move,-1770,250
7627820,NoButton,Move,-1755,270
7627828,NoButton,Move,-1744,286
7627835,NoButton,Move,-1735,296
7627844,NoButton,Move,-1729,305
7627851,NoButton,Move,-1722,310
7627860,NoButton,Move,-1718,313
7627867,NoButton,Move,-1716,314
7627876,NoButton,Move,-1716,315
7627883,NoButton,Move,-1715,315
7627899,NoButton,Move,-1715,315
7627979,NoButton,Move,-1715,315
7628347,NoButton,Move,-1715,315
7628355,NoButton,Move,-1715,315
7628363,NoButton,Move,-1714,314
7628371,NoButton,Move,-1710,314
7628379,NoButton,Move,-1708,313
7628387,NoButton,Move,-1705,313
7628395,NoButton,Move,-1704,313
7628403,NoButton,Move,-1704,313
7628411,NoButton,Move,-1702,313
7628419,NoButton,Move,-1702,312
7628427,NoButton,Move,-1701,312
7628435,NoButton,Move,-1700,312
7628443,NoButton,Move,-1699,312
7628451,NoButton,Move,-1699,312
7628467,NoButton,Move,-1699,311
7628491,NoButton,Move,-1698,311
7628532,NoButton,Move,-1698,311
7628555,NoButton,Move,-1697,311
7628564,NoButton,Move,-1697,311
7628580,NoButton,Move,-1697,310
7628595,NoButton,Move,-1696,310
7628612,NoButton,Move,-1695,310
7628620,NoButton,Move,-1695,310
7628628,NoButton,Move,-1695,310
7628636,NoButton,Move,-1695,311
7628644,NoButton,Move,-1694,311
7628652,NoButton,Move,-1694,311
7628724,NoButton,Move,-1693,311
7628924,Nobutton,Scrool,-1693,-1693
7628955,NoButton,Move,-1693,311
7628956,Nobutton,Scrool,-1693,-1693
7629004,NoButton,Move,-1693,312
7629244,Nobutton,Scrool,-1693,-1693
7629275,NoButton,Move,-1693,312
7629283,Nobutton,Scrool,-1693,-1693
7629300,NoButton,Move,-1693,312
7629332,Nobutton,Scrool,-1693,-1693
7630091,NoButton,Move,-1693,312
7630972,NoButton,Move,-1693,314
7630980,NoButton,Move,-1693,318
7630988,NoButton,Move,-1692,322
7630995,NoButton,Move,-1691,325
7631004,NoButton,Move,-1685,327
7631012,NoButton,Move,-1678,328
7631020,NoButton,Move,-1666,330
7631028,NoButton,Move,-1648,330
7631035,NoButton,Move,-1641,332
7631132,NoButton,Move,-1638,333
7631140,NoButton,Move,-1629,334
7631148,NoButton,Move,-1623,334
7631155,NoButton,Move,-1620,333
7631164,NoButton,Move,-1619,333
7631172,NoButton,Move,-1619,333
7631180,NoButton,Move,-1618,333
7631188,NoButton,Move,-1617,333
7631204,NoButton,Move,-1616,333
7631212,NoButton,Move,-1616,333
7631228,NoButton,Move,-1614,334
7631236,NoButton,Move,-1613,334
7631275,NoButton,Move,-1613,334
7631700,NoButton,Move,-1612,334
7631707,NoButton,Move,-1610,334
7631715,NoButton,Move,-1609,336
7631724,NoButton,Move,-1604,339
7631732,NoButton,Move,-1600,342
7631739,NoButton,Move,-1598,343
7631748,NoButton,Move,-1597,345
7631756,NoButton,Move,-1597,345
7631764,NoButton,Move,-1597,346
7631772,NoButton,Move,-1597,346
7631780,NoButton,Move,-1598,347
7631788,NoButton,Move,-1599,348
7631795,NoButton,Move,-1601,348
7631804,NoButton,Move,-1602,348
7633100,Nobutton,Scrool,-1602,-1602
7633108,Nobutton,Scrool,-1602,-1602
7633116,Nobutton,Scrool,-1602,-1602
7633132,Nobutton,Scrool,-1602,-1602
7633140,Nobutton,Scrool,-1602,-1602
7633155,Nobutton,Scrool,-1602,-1602
7633179,Nobutton,Scrool,-1602,-1602
7633211,Nobutton,Scrool,-1602,-1602
7633235,Nobutton,Scrool,-1602,-1602
7633764,Nobutton,Scrool,-1602,-1602
7633772,Nobutton,Scrool,-1602,-1602
7633795,Nobutton,Scrool,-1602,-1602
7633812,Nobutton,Scrool,-1602,-1602
7633827,Nobutton,Scrool,-1602,-1602
7633852,Nobutton,Scrool,-1602,-1602
7633900,Nobutton,Scrool,-1602,-1602
7633940,NoButton,Move,-1602,348
7634412,Nobutton,Scrool,-1602,-1602
7634436,Nobutton,Scrool,-1602,-1602
7634459,Nobutton,Scrool,-1602,-1602
7634475,Nobutton,Scrool,-1602,-1602
7634492,Nobutton,Scrool,-1602,-1602
7634515,Nobutton,Scrool,-1602,-1602
7635188,Nobutton,Scrool,-1602,-1602
7635499,NoButton,Move,-1602,348
7635507,NoButton,Move,-1600,348
7635515,NoButton,Move,-1596,348
7635523,NoButton,Move,-1589,348
7635531,NoButton,Move,-1581,348
7635539,NoButton,Move,-1572,348
7635547,NoButton,Move,-1561,348
7635555,NoButton,Move,-1548,348
7635563,NoButton,Move,-1534,348
7635571,NoButton,Move,-1517,351
7635579,NoButton,Move,-1498,351
7635588,NoButton,Move,-1475,352
7635596,NoButton,Move,-1455,353
7635603,NoButton,Move,-1429,358
7635612,NoButton,Move,-1400,363
7635620,NoButton,Move,-1371,368
7635628,NoButton,Move,-1339,374
7635636,NoButton,Move,-1310,381
7635644,NoButton,Move,-1280,389
7635652,NoButton,Move,-1251,394
7635660,NoButton,Move,-1233,397
7635668,NoButton,Move,-1220,400
7635676,NoButton,Move,-1207,400
7635684,NoButton,Move,-1201,401
7635692,NoButton,Move,-1197,402
7635700,NoButton,Move,-1194,402
7635707,NoButton,Move,-1194,402
7635716,NoButton,Move,-1193,402
7635868,Left,Pressed,-1193,402
7635988,Left,Released,-1193,402
7636307,NoButton,Move,-1192,402
7636315,NoButton,Move,-1190,402
7636323,NoButton,Move,-1188,402
7636331,NoButton,Move,-1185,402
7636339,NoButton,Move,-1182,402
7636355,NoButton,Move,-1181,402
7636363,NoButton,Move,-1181,402
7636563,NoButton,Move,-1181,402
7636571,NoButton,Move,-1181,401
7636579,NoButton,Move,-1183,401
7636587,NoButton,Move,-1185,401
7636595,NoButton,Move,-1186,401
7636603,NoButton,Move,-1189,402
7636611,NoButton,Move,-1195,404
7636619,NoButton,Move,-1198,405
7636627,NoButton,Move,-1201,405
7636635,NoButton,Move,-1202,405
7636643,NoButton,Move,-1204,405
7636662,NoButton,Move,-1209,408
7636676,NoButton,Move,-1218,408
7636683,NoButton,Move,-1224,408
7636691,NoButton,Move,-1230,408
7636699,NoButton,Move,-1238,408
7636707,NoButton,Move,-1247,410
7636715,NoButton,Move,-1258,415
7636723,NoButton,Move,-1269,418
7636731,NoButton,Move,-1285,423
7636739,NoButton,Move,-1306,427
7636747,NoButton,Move,-1328,433
7636755,NoButton,Move,-1356,435
7636763,NoButton,Move,-1383,435
7636772,NoButton,Move,-1408,436
7636779,NoButton,Move,-1434,439
7636787,NoButton,Move,-1457,442
7636807,NoButton,Move,-1502,446
7636811,NoButton,Move,-1515,451
7636819,NoButton,Move,-1528,454
7636827,NoButton,Move,-1536,456
7636836,NoButton,Move,-1545,457
7636844,NoButton,Move,-1549,458
7636852,NoButton,Move,-1552,460
7636861,NoButton,Move,-1554,460
7636884,NoButton,Move,-1554,460
7637075,NoButton,Move,-1554,460
7637091,NoButton,Move,-1555,460
7637172,NoButton,Move,-1555,461
7637172,Nobutton,Scrool,-1555,-1555
7637188,NoButton,Move,-1555,461
7637195,NoButton,Move,-1556,463
7637204,NoButton,Move,-1557,464
7637211,NoButton,Move,-1557,465
7637212,Nobutton,Scrool,-1557,-1557
7637219,NoButton,Move,-1558,465
7637235,NoButton,Move,-1558,466
7637243,NoButton,Move,-1560,467
7637251,NoButton,Move,-1560,467
7637259,NoButton,Move,-1560,468
7637267,Nobutton,Scrool,-1560,-1560
7637284,NoButton,Move,-1561,468
7637291,NoButton,Move,-1561,468
7637467,NoButton,Move,-1562,468
7637475,NoButton,Move,-1563,467
7637483,NoButton,Move,-1566,465
7637491,NoButton,Move,-1567,465
7637499,NoButton,Move,-1569,463
7637507,NoButton,Move,-1571,462
7637515,NoButton,Move,-1575,460
7637523,NoButton,Move,-1577,459
7637531,NoButton,Move,-1581,458
7637539,NoButton,Move,-1585,457
7637547,NoButton,Move,-1589,454
7637563,NoButton,Move,-1594,451
7637571,NoButton,Move,-1597,450
7637579,NoButton,Move,-1600,448
7637587,NoButton,Move,-1604,445
7637595,NoButton,Move,-1608,443
7637603,NoButton,Move,-1610,442
7637611,NoButton,Move,-1613,440
7637619,NoButton,Move,-1613,440
7637627,NoButton,Move,-1614,439
7637635,NoButton,Move,-1615,439
7637643,NoButton,Move,-1615,439
7637651,NoButton,Move,-1616,439
7637659,NoButton,Move,-1616,439
7637667,NoButton,Move,-1616,438
7637859,NoButton,Move,-1617,438
7637867,NoButton,Move,-1618,438
7637875,NoButton,Move,-1619,440
7637875,Nobutton,Scrool,-1619,-1619
7637883,NoButton,Move,-1621,443
7637891,NoButton,Move,-1622,444
7637899,NoButton,Move,-1622,446
7637899,Nobutton,Scrool,-1622,-1622
7637907,NoButton,Move,-1623,447
7637915,NoButton,Move,-1624,449
7637923,NoButton,Move,-1624,449
7637931,NoButton,Move,-1624,451
7637931,Nobutton,Scrool,-1624,-1624
7637939,NoButton,Move,-1625,451
7638411,Nobutton,Scrool,-1625,-1625
7638419,NoButton,Move,-1625,452
7638451,NoButton,Move,-1625,453
7638452,Nobutton,Scrool,-1625,-1625
7638459,NoButton,Move,-1626,455
7638467,NoButton,Move,-1626,457
7638476,NoButton,Move,-1626,457
7638484,NoButton,Move,-1626,458
7638484,Nobutton,Scrool,-1626,-1626
7638492,NoButton,Move,-1627,459
7638508,NoButton,Move,-1627,460
7638540,NoButton,Move,-1627,460
7638588,NoButton,Move,-1628,460
7638939,Nobutton,Scrool,-1628,-1628
7638956,Nobutton,Scrool,-1628,-1628
7638972,NoButton,Move,-1628,460
7638996,Nobutton,Scrool,-1628,-1628
7639012,Nobutton,Scrool,-1628,-1628
7639092,Nobutton,Scrool,-1628,-1628
7639515,Nobutton,Scrool,-1628,-1628
7639531,Nobutton,Scrool,-1628,-1628
7640084,Nobutton,Scrool,-1628,-1628
7640443,NoButton,Move,-1628,461
7640451,NoButton,Move,-1627,463
7640459,NoButton,Move,-1621,464
7640467,NoButton,Move,-1611,468
7640475,NoButton,Move,-1599,471
7640483,NoButton,Move,-1587,477
7640491,NoButton,Move,-1563,485
7640499,NoButton,Move,-1530,497
7640507,NoButton,Move,-1486,511
7640515,NoButton,Move,-1440,526
7640523,NoButton,Move,-1393,544
7640531,NoButton,Move,-1336,560
7640539,NoButton,Move,-1274,578
7640547,NoButton,Move,-1206,602
7640556,NoButton,Move,-1138,623
7640563,NoButton,Move,-1071,644
7640571,NoButton,Move,-998,668
7640591,NoButton,Move,-844,711
7640595,NoButton,Move,-768,735
7640603,NoButton,Move,-700,756
7640627,NoButton,Move,-543,806
7640643,NoButton,Move,-470,824
7640651,NoButton,Move,-446,830
7640659,NoButton,Move,-419,838
7640667,NoButton,Move,-397,845
7640676,NoButton,Move,-380,850
7640684,NoButton,Move,-367,854
7640692,NoButton,Move,-360,856
7640700,NoButton,Move,-354,858
7640707,NoButton,Move,-352,858
7640716,NoButton,Move,-349,859
7640723,NoButton,Move,-347,859
7640731,NoButton,Move,-345,861
7640739,NoButton,Move,-344,861
7640748,NoButton,Move,-343,861
7640756,NoButton,Move,-342,862
7640763,NoButton,Move,-341,862
7640772,NoButton,Move,-341,862
7640779,NoButton,Move,-340,862
7640787,NoButton,Move,-340,862
7640803,NoButton,Move,-338,862
7640811,NoButton,Move,-338,862
7640820,NoButton,Move,-337,863
7640827,NoButton,Move,-333,863
7640836,NoButton,Move,-325,865
7640843,NoButton,Move,-317,870
7640852,NoButton,Move,-302,873
7640859,NoButton,Move,-284,880
7640867,NoButton,Move,-268,885
7640883,NoButton,Move,-230,896
7640891,NoButton,Move,-216,896
7640899,NoButton,Move,-204,896
7640908,NoButton,Move,-195,895
7640915,NoButton,Move,-185,892
7640923,NoButton,Move,-178,889
7640931,NoButton,Move,-172,886
7640947,NoButton,Move,-168,882
7640955,NoButton,Move,-166,880
7640963,NoButton,Move,-165,878
7640972,NoButton,Move,-164,876
7640979,NoButton,Move,-164,874
7640987,NoButton,Move,-164,872
7640995,NoButton,Move,-164,870
7641003,NoButton,Move,-164,865
7641011,NoButton,Move,-164,860
7641019,NoButton,Move,-164,854
7641027,NoButton,Move,-164,850
7641035,NoButton,Move,-164,844
7641043,NoButton,Move,-164,839
7641051,NoButton,Move,-164,835
7641059,NoButton,Move,-164,832
7641068,NoButton,Move,-164,829
7641076,NoButton,Move,-164,826
7641083,NoButton,Move,-164,823
7641091,NoButton,Move,-163,821
7641099,NoButton,Move,-163,819
7641107,NoButton,Move,-162,816
7641115,NoButton,Move,-161,815
7641123,NoButton,Move,-160,813
7641131,NoButton,Move,-160,811
7641139,NoButton,Move,-160,810
7641147,NoButton,Move,-159,808
7641156,NoButton,Move,-158,806
7641163,NoButton,Move,-158,805
7641172,NoButton,Move,-158,804
7641179,NoButton,Move,-157,802
7641187,NoButton,Move,-156,801
7641195,NoButton,Move,-156,800
7641203,NoButton,Move,-156,799
7641211,NoButton,Move,-156,798
7641219,NoButton,Move,-155,797
7641227,NoButton,Move,-155,797
7641236,NoButton,Move,-155,796
7641243,NoButton,Move,-155,796
7641251,NoButton,Move,-155,796
7641260,NoButton,Move,-155,794
7641275,NoButton,Move,-154,794
7641291,NoButton,Move,-154,793
7641307,NoButton,Move,-153,792
7641316,NoButton,Move,-153,791
7641324,NoButton,Move,-153,791
7641340,NoButton,Move,-153,790
7641356,NoButton,Move,-153,790
7641372,NoButton,Move,-153,789
7641411,NoButton,Move,-153,789
7641451,Left,Pressed,-153,789
7641579,Left,Released,-153,789
7641715,NoButton,Move,-155,789
7641723,NoButton,Move,-167,789
7641731,NoButton,Move,-189,789
7641739,NoButton,Move,-213,789
7641747,NoButton,Move,-243,789
7641755,NoButton,Move,-281,789
7641763,NoButton,Move,-325,789
7641771,NoButton,Move,-371,789
7641780,NoButton,Move,-427,789
7641788,NoButton,Move,-490,789
7641795,NoButton,Move,-554,789
7641803,NoButton,Move,-619,789
7641811,NoButton,Move,-690,789
7641819,NoButton,Move,-763,782
7641827,NoButton,Move,-835,772
7641835,NoButton,Move,-904,761
7641843,NoButton,Move,-970,753
7641851,NoButton,Move,-1035,751
7641859,NoButton,Move,-1101,743
7641875,NoButton,Move,-1167,736
7641883,NoButton,Move,-1228,726
7641891,NoButton,Move,-1285,714
7641900,NoButton,Move,-1335,703
7641907,NoButton,Move,-1379,687
7641915,NoButton,Move,-1415,677
7641923,NoButton,Move,-1448,664
7641939,NoButton,Move,-1497,649
7641947,NoButton,Move,-1515,642
7641955,NoButton,Move,-1527,638
7641963,NoButton,Move,-1536,635
7641971,NoButton,Move,-1544,633
7641979,NoButton,Move,-1546,630
7641987,NoButton,Move,-1548,630
7641995,NoButton,Move,-1548,629
7642259,NoButton,Move,-1549,629
7642283,NoButton,Move,-1549,628
7642291,NoButton,Move,-1549,627
7642299,NoButton,Move,-1550,626
7642308,NoButton,Move,-1550,625
7642316,NoButton,Move,-1551,623
7642324,NoButton,Move,-1551,623
7642331,NoButton,Move,-1551,621
7642340,NoButton,Move,-1551,621
7642347,NoButton,Move,-1551,619
7642356,NoButton,Move,-1551,618
7642363,NoButton,Move,-1551,617
7642372,NoButton,Move,-1551,616
7642379,NoButton,Move,-1551,615
7642387,NoButton,Move,-1551,615
7642395,NoButton,Move,-1551,614
7642403,NoButton,Move,-1551,613
7642419,NoButton,Move,-1551,612
7642428,NoButton,Move,-1551,612
7642443,NoButton,Move,-1551,612
7645715,NoButton,Move,-1550,612
7646491,Nobutton,Scrool,-1550,-1550
7654363,Nobutton,Scrool,-1550,-1550
7669267,NoButton,Move,-1550,612
7669283,Nobutton,Scrool,-1550,-1550
7669355,NoButton,Move,-1550,612
7669363,NoButton,Move,-1550,613
7669371,NoButton,Move,-1550,613
7669387,Nobutton,Scrool,-1550,-1550
7669395,NoButton,Move,-1550,614
7669404,NoButton,Move,-1549,615
7669412,NoButton,Move,-1549,616
7669428,NoButton,Move,-1549,616
7669444,NoButton,Move,-1549,617
7692107,Nobutton,Scrool,-1549,-1549
7692147,NoButton,Move,-1549,617
7692155,NoButton,Move,-1549,618
7692163,NoButton,Move,-1549,618
7692171,NoButton,Move,-1549,619
7692179,NoButton,Move,-1548,619
7701883,Nobutton,Scrool,-1548,-1548
7701923,Nobutton,Scrool,-1548,-1548
7702067,Nobutton,Scrool,-1548,-1548
7702115,Nobutton,Scrool,-1548,-1548
7702731,Nobutton,Scrool,-1548,-1548
7702876,Nobutton,Scrool,-1548,-1548
7702939,Nobutton,Scrool,-1548,-1548
7703003,Nobutton,Scrool,-1548,-1548
7703083,Nobutton,Scrool,-1548,-1548
7703475,Nobutton,Scrool,-1548,-1548
7704323,Nobutton,Scrool,-1548,-1548
7704403,Nobutton,Scrool,-1548,-1548
7734219,Nobutton,Scrool,-1548,-1548
7734475,Nobutton,Scrool,-1548,-1548
7759379,Nobutton,Scrool,-1548,-1548
7759411,Nobutton,Scrool,-1548,-1548
7759427,Nobutton,Scrool,-1548,-1548
7759451,Nobutton,Scrool,-1548,-1548
7759475,Nobutton,Scrool,-1548,-1548
7759530,NoButton,Move,-1548,620
7761163,Nobutton,Scrool,-1548,-1548
7761211,Nobutton,Scrool,-1548,-1548
7761267,Nobutton,Scrool,-1548,-1548
7777522,NoButton,Move,-1548,620
7780931,Nobutton,Scrool,-1548,-1548
7780963,Nobutton,Scrool,-1548,-1548
7789739,Nobutton,Scrool,-1548,-1548
7789755,Nobutton,Scrool,-1548,-1548
7789787,NoButton,Move,-1548,622
7789795,NoButton,Move,-1548,624
7789795,Nobutton,Scrool,-1548,-1548
7789803,NoButton,Move,-1548,626
7789811,NoButton,Move,-1548,627
7789812,Nobutton,Scrool,-1548,-1548
7789827,NoButton,Move,-1548,628
7789835,NoButton,Move,-1548,628
7789843,NoButton,Move,-1548,629
7790523,Nobutton,Scrool,-1548,-1548
7790995,Nobutton,Scrool,-1548,-1548
7791075,Nobutton,Scrool,-1548,-1548
7791619,Nobutton,Scrool,-1548,-1548
7798979,NoButton,Move,-1547,629
7798987,NoButton,Move,-1546,629
7798995,NoButton,Move,-1546,629
7799003,NoButton,Move,-1544,629
7799011,NoButton,Move,-1544,629
7799027,NoButton,Move,-1543,629
7799035,NoButton,Move,-1543,629
7799043,NoButton,Move,-1542,629
7799051,NoButton,Move,-1541,629
7799066,NoButton,Move,-1541,628
7799099,NoButton,Move,-1540,628
7799611,NoButton,Move,-1540,628
7799619,NoButton,Move,-1540,626
7799627,NoButton,Move,-1540,623
7799635,NoButton,Move,-1540,620
7799643,NoButton,Move,-1540,618
7799651,NoButton,Move,-1540,616
7799659,NoButton,Move,-1540,613
7799667,NoButton,Move,-1540,610
7799675,NoButton,Move,-1540,608
7799682,NoButton,Move,-1540,605
7799691,NoButton,Move,-1540,603
7799699,NoButton,Move,-1539,601
7799707,NoButton,Move,-1538,599
7799715,NoButton,Move,-1537,598
7799723,NoButton,Move,-1537,597
7799731,NoButton,Move,-1537,596
7799739,NoButton,Move,-1536,596
7799747,NoButton,Move,-1536,594
7800842,NoButton,Move,-1538,594
7800851,NoButton,Move,-1540,593
7800859,NoButton,Move,-1541,592
7800867,NoButton,Move,-1542,591
7800875,NoButton,Move,-1544,591
7800882,NoButton,Move,-1545,591
7800891,NoButton,Move,-1546,591
7800899,NoButton,Move,-1546,590
7800906,NoButton,Move,-1547,590
7800923,NoButton,Move,-1547,588
7800947,NoButton,Move,-1547,588
7800955,NoButton,Move,-1547,588
7801619,Nobutton,Scrool,-1547,-1547
7801779,NoButton,Move,-1547,588
7816419,Nobutton,Scrool,-1547,-1547
7819235,Nobutton,Scrool,-1547,-1547
7835979,Nobutton,Scrool,-1547,-1547
7845219,Nobutton,Scrool,-1547,-1547
7847331,NoButton,Move,-1547,587
7847339,NoButton,Move,-1547,581
7847347,NoButton,Move,-1545,573
7847355,NoButton,Move,-1538,568
7847362,NoButton,Move,-1536,565
7847371,NoButton,Move,-1532,562
7847378,NoButton,Move,-1532,560
7847387,NoButton,Move,-1530,558
7847395,NoButton,Move,-1529,556
7847403,NoButton,Move,-1528,556
7847411,NoButton,Move,-1528,555
7847435,NoButton,Move,-1528,554
7847731,NoButton,Move,-1528,554
7847739,NoButton,Move,-1528,554
7847747,NoButton,Move,-1529,554
7847755,NoButton,Move,-1530,554
7847762,NoButton,Move,-1532,554
7847771,NoButton,Move,-1533,555
7847778,NoButton,Move,-1534,556
7847787,NoButton,Move,-1535,556
7847795,NoButton,Move,-1536,557
7847818,NoButton,Move,-1537,557
7861994,Nobutton,Scrool,-1537,-1537
7862010,Nobutton,Scrool,-1537,-1537
7862050,Nobutton,Scrool,-1537,-1537
7862474,NoButton,Move,-1535,557
7862482,NoButton,Move,-1531,558
7862490,NoButton,Move,-1529,558
7862498,NoButton,Move,-1528,558
7862506,NoButton,Move,-1526,558
7862514,NoButton,Move,-1523,558
7862522,NoButton,Move,-1522,556
7862530,NoButton,Move,-1519,553
7862698,NoButton,Move,-1519,553
7862706,NoButton,Move,-1526,553
7862715,NoButton,Move,-1536,553
7862722,NoButton,Move,-1544,553
7862730,NoButton,Move,-1551,554
7862738,NoButton,Move,-1555,555
7862746,NoButton,Move,-1558,556
7862754,NoButton,Move,-1559,557
7862762,NoButton,Move,-1561,558
7862770,NoButton,Move,-1563,561
7862778,NoButton,Move,-1564,563
7862786,NoButton,Move,-1565,564
7862795,NoButton,Move,-1567,565
7862802,NoButton,Move,-1567,565
7862818,NoButton,Move,-1567,566
7862827,NoButton,Move,-1568,566
7862874,Nobutton,Scrool,-1568,-1568
7862906,NoButton,Move,-1568,567
7862979,Nobutton,Scrool,-1568,-1568
7863723,Nobutton,Scrool,-1568,-1568
7863762,Nobutton,Scrool,-1568,-1568
7863795,NoButton,Move,-1568,567
7917058,NoButton,Move,-1568,568
7917082,NoButton,Move,-1568,568
7917114,Nobutton,Scrool,-1568,-1568
7917122,NoButton,Move,-1568,569
7917138,NoButton,Move,-1568,570
7917146,NoButton,Move,-1568,571
7917170,NoButton,Move,-1569,571
7917171,Nobutton,Scrool,-1569,-1569
7917241,NoButton,Move,-1569,571
7917650,NoButton,Move,-1571,571
7917658,NoButton,Move,-1576,571
7917666,NoButton,Move,-1587,571
7917674,NoButton,Move,-1599,571
7917682,NoButton,Move,-1609,564
7917690,NoButton,Move,-1612,563
7918250,NoButton,Move,-1612,562
7918258,NoButton,Move,-1611,563
7918266,NoButton,Move,-1611,564
7918274,NoButton,Move,-1612,565
7918282,NoButton,Move,-1613,567
7918290,NoButton,Move,-1614,567
7918298,NoButton,Move,-1614,568
7919059,Nobutton,Scrool,-1614,-1614
7919107,Nobutton,Scrool,-1614,-1614
7919546,NoButton,Move,-1614,568
7919554,NoButton,Move,-1616,568
7919562,NoButton,Move,-1623,565
7919570,NoButton,Move,-1625,561
7919578,NoButton,Move,-1627,557
7919586,NoButton,Move,-1628,555
7919594,NoButton,Move,-1629,553
7919602,NoButton,Move,-1631,550
7919610,NoButton,Move,-1634,545
7919618,NoButton,Move,-1636,541
7919626,NoButton,Move,-1638,538
7919738,NoButton,Move,-1638,538
7919746,NoButton,Move,-1637,538
7919754,NoButton,Move,-1637,538
7919762,NoButton,Move,-1637,538
7919771,NoButton,Move,-1638,538
7919778,NoButton,Move,-1639,538
7919786,NoButton,Move,-1640,538
7919794,NoButton,Move,-1641,538
7919802,NoButton,Move,-1643,538
7919810,NoButton,Move,-1644,538
7919818,NoButton,Move,-1645,538
7919850,NoButton,Move,-1645,538
7920706,Nobutton,Scrool,-1645,-1645
7940795,NoButton,Move,-1645,538
7940802,NoButton,Move,-1635,538
7940810,NoButton,Move,-1624,541
7940818,NoButton,Move,-1608,546
7940826,NoButton,Move,-1596,551
7940835,NoButton,Move,-1588,554
7940842,NoButton,Move,-1583,555
7940851,NoButton,Move,-1581,555
7940858,NoButton,Move,-1578,555
7940866,NoButton,Move,-1575,555
7940875,NoButton,Move,-1568,557
7940882,NoButton,Move,-1560,560
7940890,NoButton,Move,-1550,565
7940906,NoButton,Move,-1541,569
7940914,NoButton,Move,-1533,575
7940922,NoButton,Move,-1529,576
7940931,NoButton,Move,-1527,579
7941114,NoButton,Move,-1527,578
7941122,NoButton,Move,-1530,578
7941130,NoButton,Move,-1533,578
7941138,NoButton,Move,-1534,578
7941146,NoButton,Move,-1534,578
7941154,NoButton,Move,-1536,578
7941162,NoButton,Move,-1536,578
7941170,NoButton,Move,-1537,578
7941210,NoButton,Move,-1537,578
7941218,NoButton,Move,-1535,578
7941226,NoButton,Move,-1533,577
7941234,NoButton,Move,-1532,576
7941242,NoButton,Move,-1530,576
7941250,NoButton,Move,-1529,575
7941258,NoButton,Move,-1527,573
7941266,NoButton,Move,-1524,571
7941275,NoButton,Move,-1522,570
7941282,NoButton,Move,-1522,569
7941290,NoButton,Move,-1521,569
7941386,NoButton,Move,-1521,568
7941706,Nobutton,Scrool,-1521,-1521
7941738,Nobutton,Scrool,-1521,-1521
7941819,Nobutton,Scrool,-1521,-1521
7947122,Nobutton,Scrool,-1521,-1521
7947178,Nobutton,Scrool,-1521,-1521
7947538,NoButton,Move,-1520,568
7947546,NoButton,Move,-1516,568
7947554,NoButton,Move,-1508,563
7947562,NoButton,Move,-1501,559
7947570,NoButton,Move,-1495,556
7947578,NoButton,Move,-1488,551
7947586,NoButton,Move,-1481,548
7947594,NoButton,Move,-1474,545
7947602,NoButton,Move,-1465,540
7947618,NoButton,Move,-1457,538
7947626,NoButton,Move,-1456,538
7947754,NoButton,Move,-1465,540
7947762,NoButton,Move,-1478,544
7947770,NoButton,Move,-1508,544
7947778,NoButton,Move,-1527,544
7947786,NoButton,Move,-1541,544
7947794,NoButton,Move,-1551,544
7947802,NoButton,Move,-1559,544
7947810,NoButton,Move,-1565,544
7947819,NoButton,Move,-1569,544
7947826,NoButton,Move,-1571,543
7947834,NoButton,Move,-1573,542
7947850,NoButton,Move,-1573,541
7947858,NoButton,Move,-1571,538
7947866,NoButton,Move,-1569,534
7947874,NoButton,Move,-1566,528
7947882,NoButton,Move,-1561,523
7947890,NoButton,Move,-1557,517
7947898,NoButton,Move,-1552,511
7947906,NoButton,Move,-1545,503
7947914,NoButton,Move,-1535,494
7947923,NoButton,Move,-1526,485
7947930,NoButton,Move,-1515,476
7947938,NoButton,Move,-1498,465
7947946,NoButton,Move,-1482,454
7947962,NoButton,Move,-1463,440
7947970,NoButton,Move,-1441,426
7947978,NoButton,Move,-1425,416
7947986,NoButton,Move,-1403,403
7947994,NoButton,Move,-1392,396
7948001,NoButton,Move,-1380,391
7948010,NoButton,Move,-1371,387
7948018,NoButton,Move,-1366,385
7948026,NoButton,Move,-1362,382
7948034,NoButton,Move,-1362,382
7948082,NoButton,Move,-1361,382
7948266,NoButton,Move,-1360,382
7948274,NoButton,Move,-1358,382
7948282,NoButton,Move,-1353,382
7948290,NoButton,Move,-1343,385
7948298,NoButton,Move,-1331,385
7948306,NoButton,Move,-1319,385
7948314,NoButton,Move,-1307,385
7948322,NoButton,Move,-1297,385
7948331,NoButton,Move,-1286,384
7948338,NoButton,Move,-1273,382
7948346,NoButton,Move,-1254,382
7948354,NoButton,Move,-1233,382
7948362,NoButton,Move,-1213,382
7948370,NoButton,Move,-1203,382
7948378,NoButton,Move,-1201,382
7948554,NoButton,Move,-1201,382
7948570,NoButton,Move,-1207,382
7948578,NoButton,Move,-1213,381
7948594,NoButton,Move,-1214,381
7948602,NoButton,Move,-1216,381
7948610,NoButton,Move,-1216,382
7948618,NoButton,Move,-1217,383
7948626,NoButton,Move,-1217,384
7948650,NoButton,Move,-1217,384
7948666,NoButton,Move,-1217,384
7948690,NoButton,Move,-1217,383
7948706,NoButton,Move,-1217,383
7948722,NoButton,Move,-1217,382
7948970,NoButton,Move,-1218,381
7948978,NoButton,Move,-1219,379
7949001,NoButton,Move,-1221,371
7949002,NoButton,Move,-1224,366
7949011,NoButton,Move,-1225,360
7949018,NoButton,Move,-1227,353
7949026,NoButton,Move,-1228,348
7949034,NoButton,Move,-1230,345
7949042,NoButton,Move,-1231,342
7949049,NoButton,Move,-1232,339
7949058,NoButton,Move,-1232,337
7949066,NoButton,Move,-1233,335
7949074,NoButton,Move,-1233,334
7949082,NoButton,Move,-1234,333
7949090,NoButton,Move,-1234,332
7949298,NoButton,Move,-1234,332
7949306,NoButton,Move,-1234,334
7949314,NoButton,Move,-1234,339
7949322,NoButton,Move,-1234,345
7949330,NoButton,Move,-1234,352
7949349,NoButton,Move,-1234,356
7949350,NoButton,Move,-1234,361
7949362,NoButton,Move,-1234,365
7949370,NoButton,Move,-1234,367
7949378,NoButton,Move,-1234,367
7949938,NoButton,Move,-1233,367
7949946,NoButton,Move,-1230,368
7949954,NoButton,Move,-1227,368
7949963,NoButton,Move,-1223,368
7949970,NoButton,Move,-1217,368
7949978,NoButton,Move,-1210,369
7949986,NoButton,Move,-1202,369
7949994,NoButton,Move,-1192,369
7950002,NoButton,Move,-1181,369
7950010,NoButton,Move,-1172,369
7950018,NoButton,Move,-1160,368
7950026,NoButton,Move,-1149,364
7950034,NoButton,Move,-1139,360
7950042,NoButton,Move,-1131,359
7950051,NoButton,Move,-1122,359
7950058,NoButton,Move,-1112,359
7950066,NoButton,Move,-1106,359
7950074,NoButton,Move,-1100,359
7950082,NoButton,Move,-1099,359
7950090,NoButton,Move,-1098,359
7950098,NoButton,Move,-1098,359
7950274,NoButton,Move,-1099,358
7950282,NoButton,Move,-1102,358
7950290,NoButton,Move,-1104,358
7950298,NoButton,Move,-1106,358
7950306,NoButton,Move,-1106,358
7950330,NoButton,Move,-1106,358
7950346,NoButton,Move,-1106,358
7950450,NoButton,Move,-1105,358
7950458,NoButton,Move,-1104,358
7950466,NoButton,Move,-1102,359
7950474,NoButton,Move,-1099,360
7950482,NoButton,Move,-1094,361
7950490,NoButton,Move,-1090,362
7950498,NoButton,Move,-1085,364
7950506,NoButton,Move,-1080,365
7950514,NoButton,Move,-1071,366
7950522,NoButton,Move,-1062,366
7950531,NoButton,Move,-1053,368
7950538,NoButton,Move,-1039,372
7950546,NoButton,Move,-1028,373
7950554,NoButton,Move,-1015,373
7950570,NoButton,Move,-998,374
7950578,NoButton,Move,-982,374
7950586,NoButton,Move,-967,374
7950594,NoButton,Move,-951,374
7950602,NoButton,Move,-935,374
7950610,NoButton,Move,-918,374
7950618,NoButton,Move,-904,374
7950626,NoButton,Move,-889,374
7950634,NoButton,Move,-877,374
7950642,NoButton,Move,-865,374
7950650,NoButton,Move,-857,374
7950658,NoButton,Move,-849,374
7950666,NoButton,Move,-841,374
7950675,NoButton,Move,-835,374
7950682,NoButton,Move,-828,374
7950690,NoButton,Move,-824,374
7950698,NoButton,Move,-820,374
7950717,NoButton,Move,-815,374
7950722,NoButton,Move,-815,374
7951010,NoButton,Move,-815,375
7951018,NoButton,Move,-815,376
7951026,NoButton,Move,-816,377
7951034,NoButton,Move,-817,379
7951042,NoButton,Move,-819,380
7951050,NoButton,Move,-820,381
7951058,NoButton,Move,-821,381
7951066,NoButton,Move,-822,381
7951074,NoButton,Move,-822,382
7951082,NoButton,Move,-823,382
7951098,NoButton,Move,-823,382
7951650,NoButton,Move,-823,385
7951658,NoButton,Move,-823,389
7951666,NoButton,Move,-823,396
7951674,NoButton,Move,-823,401
7951682,NoButton,Move,-823,407
7951690,NoButton,Move,-823,412
7951698,NoButton,Move,-823,415
7951706,NoButton,Move,-823,419
7951714,NoButton,Move,-823,421
7951722,NoButton,Move,-823,422
7951730,NoButton,Move,-823,423
7951890,NoButton,Move,-823,423
7951898,NoButton,Move,-824,422
7951906,NoButton,Move,-824,419
7951914,NoButton,Move,-824,416
7951922,NoButton,Move,-824,413
7951931,NoButton,Move,-824,410
7951938,NoButton,Move,-824,408
7951946,NoButton,Move,-824,405
7951967,NoButton,Move,-824,399
7951970,NoButton,Move,-824,396
7951978,NoButton,Move,-824,392
7951986,NoButton,Move,-824,390
7951994,NoButton,Move,-824,388
7952002,NoButton,Move,-824,386
7952010,NoButton,Move,-824,386
7952018,NoButton,Move,-824,385
7952026,NoButton,Move,-824,384
7952122,NoButton,Move,-825,384
7952210,NoButton,Move,-825,384
7952218,NoButton,Move,-825,384
7952226,NoButton,Move,-824,384
7952246,NoButton,Move,-822,386
7952250,NoButton,Move,-821,388
7952258,NoButton,Move,-821,390
7952266,NoButton,Move,-820,391
7952274,NoButton,Move,-820,392
7952282,NoButton,Move,-820,393
7952306,NoButton,Move,-820,393
7952370,NoButton,Move,-819,393
7952378,NoButton,Move,-819,394
7952386,NoButton,Move,-818,394
7952402,NoButton,Move,-818,394
7952426,NoButton,Move,-817,394
7952482,NoButton,Move,-817,394
7952498,NoButton,Move,-816,394
7952506,NoButton,Move,-815,394
7952514,NoButton,Move,-814,394
7952522,NoButton,Move,-813,394
7952530,NoButton,Move,-812,393
7952538,NoButton,Move,-811,393
7952546,NoButton,Move,-810,393
7952554,NoButton,Move,-809,393
7952562,NoButton,Move,-808,392
7952570,NoButton,Move,-807,392
7952578,NoButton,Move,-806,392
7952586,NoButton,Move,-806,392
7952602,NoButton,Move,-806,392
7952666,NoButton,Move,-805,392
7954698,NoButton,Move,-805,392
7954706,NoButton,Move,-805,394
7954714,NoButton,Move,-805,395
7954722,NoButton,Move,-805,396
7954730,NoButton,Move,-805,397
7954746,NoButton,Move,-805,397
7954786,NoButton,Move,-805,398
7954962,NoButton,Move,-805,399
7954977,NoButton,Move,-805,399
7954985,NoButton,Move,-805,400
7954994,NoButton,Move,-805,401
7955002,NoButton,Move,-805,402
7955010,NoButton,Move,-805,403
7955018,NoButton,Move,-805,406
7955026,NoButton,Move,-806,407
7955034,NoButton,Move,-806,408
7955042,NoButton,Move,-806,410
7955050,NoButton,Move,-806,410
7955058,NoButton,Move,-806,411
7955066,NoButton,Move,-806,411
7955266,NoButton,Move,-806,411
7955282,NoButton,Move,-806,412
7955290,NoButton,Move,-806,413
7955298,NoButton,Move,-806,414
7955306,NoButton,Move,-806,414
7955314,NoButton,Move,-806,415
7955322,NoButton,Move,-806,415
7955338,NoButton,Move,-806,416
7955346,NoButton,Move,-806,416
7955370,NoButton,Move,-806,417
7956122,NoButton,Move,-806,418
7956130,NoButton,Move,-806,420
7956138,NoButton,Move,-807,420
7956146,NoButton,Move,-808,421
7956154,NoButton,Move,-809,422
7956162,NoButton,Move,-809,422
7956170,NoButton,Move,-810,422
7956178,NoButton,Move,-811,423
7956194,NoButton,Move,-811,423
7956746,NoButton,Move,-812,423
7956762,NoButton,Move,-812,424
7956794,NoButton,Move,-812,424
7956826,NoButton,Move,-812,425
7957146,NoButton,Move,-812,425
7957250,NoButton,Move,-812,425
7957274,NoButton,Move,-812,426
7957282,NoButton,Move,-812,426
7957290,NoButton,Move,-812,426
7957298,NoButton,Move,-812,428
7957306,NoButton,Move,-812,428
7957314,NoButton,Move,-811,430
7957322,NoButton,Move,-810,431
7957330,NoButton,Move,-810,431
7957338,NoButton,Move,-810,432
7957346,NoButton,Move,-810,433
7957354,NoButton,Move,-810,434
7957378,NoButton,Move,-809,434
7957602,Nobutton,Scrool,-809,-809
7957850,NoButton,Move,-809,434
7957858,NoButton,Move,-809,433
7957866,NoButton,Move,-809,432
7957874,NoButton,Move,-810,428
7957882,NoButton,Move,-810,426
7957890,NoButton,Move,-811,424
7957898,NoButton,Move,-812,421
7957906,NoButton,Move,-813,418
7957913,NoButton,Move,-814,416
7957922,NoButton,Move,-815,413
7957929,NoButton,Move,-816,408
7957938,NoButton,Move,-818,404
7957946,NoButton,Move,-820,399
7957954,NoButton,Move,-821,394
7957962,NoButton,Move,-823,389
7957970,NoButton,Move,-823,383
7957978,NoButton,Move,-825,380
7957986,NoButton,Move,-826,375
7957994,NoButton,Move,-827,371
7958002,NoButton,Move,-828,367
7958010,NoButton,Move,-828,364
7958018,NoButton,Move,-829,361
7958026,NoButton,Move,-829,360
7958034,NoButton,Move,-829,358
7958042,NoButton,Move,-829,357
7958050,NoButton,Move,-829,357
7958058,NoButton,Move,-829,356
7958306,NoButton,Move,-829,356
7958314,NoButton,Move,-829,356
7958330,NoButton,Move,-828,356
7958338,NoButton,Move,-828,356
7958370,NoButton,Move,-828,356
7958466,NoButton,Move,-827,356
7958514,NoButton,Move,-827,356
7958530,NoButton,Move,-827,356
7958546,NoButton,Move,-825,356
7958554,NoButton,Move,-824,357
7958562,NoButton,Move,-822,358
7958570,NoButton,Move,-821,358
7958578,NoButton,Move,-820,358
7958594,NoButton,Move,-819,359
7958618,NoButton,Move,-819,359
7958634,NoButton,Move,-819,360
7958674,NoButton,Move,-819,360
7958682,NoButton,Move,-819,358
7958690,NoButton,Move,-817,356
7958698,NoButton,Move,-817,354
7958810,NoButton,Move,-818,354
7958826,NoButton,Move,-818,355
7958834,NoButton,Move,-819,355
7958842,NoButton,Move,-819,356
7958858,NoButton,Move,-819,356
7958866,NoButton,Move,-819,357
7958874,NoButton,Move,-819,357
7958906,NoButton,Move,-819,358
7958922,NoButton,Move,-819,358
7958946,NoButton,Move,-819,358
7958962,NoButton,Move,-819,359
7958970,NoButton,Move,-819,359
7960994,NoButton,Move,-819,360
7961002,NoButton,Move,-819,361
7961010,NoButton,Move,-819,362
7961018,NoButton,Move,-819,363
7961026,NoButton,Move,-819,365
7961034,NoButton,Move,-819,365
7961042,NoButton,Move,-819,366
7961050,NoButton,Move,-819,368
7961058,NoButton,Move,-819,368
7961065,NoButton,Move,-819,369
7961074,NoButton,Move,-819,370
7961082,NoButton,Move,-819,371
7961090,NoButton,Move,-819,372
7961098,NoButton,Move,-819,372
7961106,NoButton,Move,-819,373
7961114,NoButton,Move,-819,373
7961122,NoButton,Move,-819,374
7961138,NoButton,Move,-819,375
7961146,NoButton,Move,-819,375
7961154,NoButton,Move,-819,376
7961162,NoButton,Move,-819,376
7961170,NoButton,Move,-819,377
7961178,NoButton,Move,-819,377
7961186,NoButton,Move,-819,378
7961194,NoButton,Move,-819,379
7961218,NoButton,Move,-819,379
7961234,NoButton,Move,-819,380
7961242,NoButton,Move,-819,380
7961266,NoButton,Move,-819,381
7961274,NoButton,Move,-819,381
7961282,NoButton,Move,-819,382
7961298,NoButton,Move,-819,383
7961314,NoButton,Move,-819,384
7961322,NoButton,Move,-819,384
7961386,NoButton,Move,-819,384
7961418,NoButton,Move,-819,385
7961434,NoButton,Move,-819,385
7961458,NoButton,Move,-819,386
7961514,NoButton,Move,-819,387
7961522,NoButton,Move,-819,387
7961570,NoButton,Move,-819,388
7961626,NoButton,Move,-819,388
7961650,NoButton,Move,-819,389
7961698,Nobutton,Scrool,-819,-819
7961978,NoButton,Move,-819,389
7961986,NoButton,Move,-819,387
7961994,NoButton,Move,-819,385
7962002,NoButton,Move,-819,383
7962010,NoButton,Move,-819,381
7962018,NoButton,Move,-819,378
7962026,NoButton,Move,-819,375
7962034,NoButton,Move,-819,372
7962042,NoButton,Move,-819,370
7962050,NoButton,Move,-819,366
7962058,NoButton,Move,-819,363
7962066,NoButton,Move,-819,360
7962074,NoButton,Move,-819,357
7962082,NoButton,Move,-819,354
7962098,NoButton,Move,-819,352
7962106,NoButton,Move,-819,349
7962114,NoButton,Move,-819,347
7962122,NoButton,Move,-819,345
7962130,NoButton,Move,-819,343
7962138,NoButton,Move,-819,342
7962146,NoButton,Move,-819,341
7962154,NoButton,Move,-819,341
7962170,NoButton,Move,-819,340
7962722,NoButton,Move,-819,340
7967594,Nobutton,Scrool,-819,-819
7967634,Nobutton,Scrool,-819,-819
7967938,NoButton,Move,-819,340
7967946,NoButton,Move,-820,340
7967954,NoButton,Move,-820,339
7967962,NoButton,Move,-821,337
7967970,NoButton,Move,-822,335
7967978,NoButton,Move,-823,334
7967986,NoButton,Move,-824,332
7967994,NoButton,Move,-824,331
7968002,NoButton,Move,-824,329
7968010,NoButton,Move,-824,326
7968018,NoButton,Move,-824,324
7968026,NoButton,Move,-823,322
7968034,NoButton,Move,-822,320
7968042,NoButton,Move,-822,319
7968058,NoButton,Move,-822,318
7968314,NoButton,Move,-822,318
7968322,NoButton,Move,-822,316
7968329,NoButton,Move,-822,315
7968338,NoButton,Move,-820,313
7968346,NoButton,Move,-819,311
7968354,NoButton,Move,-817,309
7968362,NoButton,Move,-817,307
7968370,NoButton,Move,-817,307
7968378,NoButton,Move,-817,306
7968386,NoButton,Move,-817,304
7968394,NoButton,Move,-817,303
7968402,NoButton,Move,-817,301
7968410,NoButton,Move,-817,299
7968418,NoButton,Move,-817,297
7968426,NoButton,Move,-817,293
7968434,NoButton,Move,-817,289
7968442,NoButton,Move,-817,283
7968450,NoButton,Move,-817,278
7968458,NoButton,Move,-817,271
7968466,NoButton,Move,-817,264
7968474,NoButton,Move,-817,259
7968482,NoButton,Move,-817,254
7968490,NoButton,Move,-817,249
7968498,NoButton,Move,-817,246
7968506,NoButton,Move,-817,244
7968514,NoButton,Move,-817,242
7968522,NoButton,Move,-817,241
7968530,NoButton,Move,-817,240
7968546,NoButton,Move,-817,240
7969266,NoButton,Move,-817,239
7969274,NoButton,Move,-817,236
7969282,NoButton,Move,-817,233
7969290,NoButton,Move,-817,230
7969298,NoButton,Move,-817,228
7969306,NoButton,Move,-817,227
7969314,NoButton,Move,-817,225
7969322,NoButton,Move,-817,224
7969330,NoButton,Move,-817,223
7969338,NoButton,Move,-817,222
7969346,NoButton,Move,-817,221
7969354,NoButton,Move,-817,221
7969394,NoButton,Move,-817,220
7969770,NoButton,Move,-817,220
7969778,NoButton,Move,-817,220
7969786,NoButton,Move,-817,220
7969794,NoButton,Move,-818,219
7969802,NoButton,Move,-818,218
7969818,NoButton,Move,-818,217
7969842,NoButton,Move,-818,217
7980106,NoButton,Move,-818,217
7980114,NoButton,Move,-816,217
7980122,NoButton,Move,-813,218
7980130,NoButton,Move,-810,219
7980138,NoButton,Move,-808,220
7980145,NoButton,Move,-807,221
7980154,NoButton,Move,-804,221
7980162,NoButton,Move,-800,223
7980170,NoButton,Move,-799,225
7980178,NoButton,Move,-797,230
7980186,NoButton,Move,-794,234
7980194,NoButton,Move,-793,238
7980202,NoButton,Move,-792,241
7980210,NoButton,Move,-790,244
7980218,NoButton,Move,-790,247
7980226,NoButton,Move,-789,249
7980234,NoButton,Move,-788,251
7980242,NoButton,Move,-788,253
7980250,NoButton,Move,-787,254
7980258,NoButton,Move,-787,255
7980266,NoButton,Move,-787,255
7980274,NoButton,Move,-787,256
7980290,NoButton,Move,-786,256
7980314,NoButton,Move,-786,257
7980450,NoButton,Move,-786,258
7980466,NoButton,Move,-786,258
7980474,NoButton,Move,-786,259
7980482,Nobutton,Scrool,-786,-786
7980498,Nobutton,Scrool,-786,-786
7980538,NoButton,Move,-786,260
7980538,Nobutton,Scrool,-786,-786
7980546,NoButton,Move,-785,260
7980594,Nobutton,Scrool,-785,-785
7981074,NoButton,Move,-783,260
7981082,NoButton,Move,-779,260
7981090,NoButton,Move,-775,260
7981098,NoButton,Move,-772,260
7981106,NoButton,Move,-770,260
7981113,NoButton,Move,-766,260
7981122,NoButton,Move,-762,260
7981130,NoButton,Move,-759,260
7981138,NoButton,Move,-756,260
7981145,NoButton,Move,-753,260
7981154,NoButton,Move,-750,260
7981162,NoButton,Move,-748,260
7981170,NoButton,Move,-746,260
7981178,NoButton,Move,-743,260
7981186,NoButton,Move,-742,260
7981194,NoButton,Move,-741,260
7981202,NoButton,Move,-740,260
7981234,NoButton,Move,-740,260
7981242,NoButton,Move,-742,260
7981250,NoButton,Move,-746,260
7981258,NoButton,Move,-751,259
7981266,NoButton,Move,-754,258
7981274,NoButton,Move,-756,257
7981282,NoButton,Move,-757,256
7981386,NoButton,Move,-758,256
7981394,NoButton,Move,-758,258
7981402,NoButton,Move,-758,258
7981442,NoButton,Move,-758,259
8003026,Nobutton,Scrool,-758,-758
8003034,Nobutton,Scrool,-758,-758
8003058,Nobutton,Scrool,-758,-758
8003082,Nobutton,Scrool,-758,-758
8003113,NoButton,Move,-758,259
8004074,Nobutton,Scrool,-758,-758
8004090,Nobutton,Scrool,-758,-758
8004098,Nobutton,Scrool,-758,-758
8004138,Nobutton,Scrool,-758,-758
8004177,NoButton,Move,-758,260
8004217,NoButton,Move,-758,261
8006114,Nobutton,Scrool,-758,-758
8006153,Nobutton,Scrool,-758,-758
8006169,Nobutton,Scrool,-758,-758
8006218,Nobutton,Scrool,-758,-758
8011098,Nobutton,Scrool,-758,-758
8011114,Nobutton,Scrool,-758,-758
8011122,Nobutton,Scrool,-758,-758
8011146,Nobutton,Scrool,-758,-758
8011154,Nobutton,Scrool,-758,-758
8011170,Nobutton,Scrool,-758,-758
8011186,Nobutton,Scrool,-758,-758
8011202,Nobutton,Scrool,-758,-758
8011218,Nobutton,Scrool,-758,-758
8011242,Nobutton,Scrool,-758,-758
8011298,Nobutton,Scrool,-758,-758
8011578,Nobutton,Scrool,-758,-758
8011586,Nobutton,Scrool,-758,-758
8011602,Nobutton,Scrool,-758,-758
8011610,Nobutton,Scrool,-758,-758
8011618,Nobutton,Scrool,-758,-758
8011626,Nobutton,Scrool,-758,-758
8011642,Nobutton,Scrool,-758,-758
8011650,Nobutton,Scrool,-758,-758
8011666,Nobutton,Scrool,-758,-758
8011681,Nobutton,Scrool,-758,-758
8011690,Nobutton,Scrool,-758,-758
8011738,Nobutton,Scrool,-758,-758
8011994,Nobutton,Scrool,-758,-758
8012002,Nobutton,Scrool,-758,-758
8012010,Nobutton,Scrool,-758,-758
8012018,Nobutton,Scrool,-758,-758
8012034,Nobutton,Scrool,-758,-758
8012050,Nobutton,Scrool,-758,-758
8012066,Nobutton,Scrool,-758,-758
8012074,Nobutton,Scrool,-758,-758
8012082,Nobutton,Scrool,-758,-758
8012090,Nobutton,Scrool,-758,-758
8012098,Nobutton,Scrool,-758,-758
8012130,Nobutton,Scrool,-758,-758
8012378,Nobutton,Scrool,-758,-758
8012386,Nobutton,Scrool,-758,-758
8012402,Nobutton,Scrool,-758,-758
8012418,Nobutton,Scrool,-758,-758
8012426,Nobutton,Scrool,-758,-758
8012434,Nobutton,Scrool,-758,-758
8012442,Nobutton,Scrool,-758,-758
8012458,Nobutton,Scrool,-758,-758
8012466,Nobutton,Scrool,-758,-758
8012497,Nobutton,Scrool,-758,-758
8012834,NoButton,Move,-758,256
8012842,NoButton,Move,-758,244
8012850,NoButton,Move,-757,227
8012858,NoButton,Move,-750,210
8012866,NoButton,Move,-746,198
8012873,NoButton,Move,-741,182
8012882,NoButton,Move,-733,164
8012889,NoButton,Move,-717,142
8012898,NoButton,Move,-703,123
8012906,NoButton,Move,-690,101
8012914,NoButton,Move,-668,78
8012922,NoButton,Move,-648,53
8012930,NoButton,Move,-622,31
8012948,NoButton,Move,-570,-6
8012954,NoButton,Move,-543,-19
8012962,NoButton,Move,-517,-11
8012970,NoButton,Move,-494,-9
8012978,NoButton,Move,-479,-9
8012986,NoButton,Move,-464,-7
8012994,NoButton,Move,-450,-4
8013002,NoButton,Move,-440,-4
8013010,NoButton,Move,-433,-2
8013018,NoButton,Move,-426,-2
8013026,NoButton,Move,-423,0
8013034,NoButton,Move,-421,0
8013042,NoButton,Move,-418,0
8013050,NoButton,Move,-415,0
8013058,NoButton,Move,-411,0
8013066,NoButton,Move,-405,0
8013074,NoButton,Move,-397,0
8013082,NoButton,Move,-388,0
8013089,NoButton,Move,-375,0
8013097,NoButton,Move,-363,0
8013105,NoButton,Move,-350,0
8013113,NoButton,Move,-335,0
8013121,NoButton,Move,-319,0
8013130,NoButton,Move,-306,0
8013138,NoButton,Move,-292,0
8013146,NoButton,Move,-276,0
8013154,NoButton,Move,-263,-1
8013162,NoButton,Move,-252,0
8013170,NoButton,Move,-243,0
8013178,NoButton,Move,-235,0
8013186,NoButton,Move,-231,0
8013194,NoButton,Move,-228,0
8013202,NoButton,Move,-225,-2
8013210,NoButton,Move,-224,0
8013218,NoButton,Move,-224,0
8013226,NoButton,Move,-223,0
8013234,NoButton,Move,-222,0
8013257,NoButton,Move,-222,-1
8013265,NoButton,Move,-221,0
8013281,NoButton,Move,-221,0
8013289,NoButton,Move,-219,0
8013298,NoButton,Move,-217,0
8013305,NoButton,Move,-212,0
8013314,NoButton,Move,-206,0
8013322,NoButton,Move,-196,0
8013330,NoButton,Move,-184,0
8013338,NoButton,Move,-168,0
8013346,NoButton,Move,-149,0
8013354,NoButton,Move,-124,0
8013362,NoButton,Move,-102,1
8013370,NoButton,Move,-75,1
8013378,NoButton,Move,-55,1
8013386,NoButton,Move,-36,1
8013393,NoButton,Move,-20,1
8013402,NoButton,Move,-8,1
8013409,NoButton,Move,2,1
8013418,NoButton,Move,7,1
8013426,NoButton,Move,2,1
8013434,NoButton,Move,0,1
8013554,NoButton,Move,-1,1
8013562,NoButton,Move,-1,1
8013570,NoButton,Move,-2,1
8013578,NoButton,Move,-2,1
8013586,NoButton,Move,-4,1
8013594,NoButton,Move,-4,1
8013602,NoButton,Move,-5,1
8013610,NoButton,Move,-6,1
8013617,NoButton,Move,-7,1
8013626,NoButton,Move,-7,1
8013634,NoButton,Move,-8,1
8013658,NoButton,Move,-8,1
8013682,NoButton,Move,-9,1
8013690,NoButton,Move,-9,1
8013698,NoButton,Move,-10,2
8013705,NoButton,Move,-11,2
8013714,NoButton,Move,-12,2
8013722,NoButton,Move,-13,2
8013738,NoButton,Move,-14,3
8013745,NoButton,Move,-15,3
8013754,NoButton,Move,-15,3
8013770,NoButton,Move,-16,3
8013778,NoButton,Move,-16,3
8013794,NoButton,Move,-16,4
8013810,NoButton,Move,-17,4
8013890,Left,Pressed,-17,4
8014002,Left,Released,-17,4
8014394,NoButton,Move,-18,4
8014401,NoButton,Move,-24,6
8014409,NoButton,Move,-33,12
8014417,NoButton,Move,-48,22
8014425,NoButton,Move,-68,41
8014433,NoButton,Move,-96,64
8014441,NoButton,Move,-127,87
8014449,NoButton,Move,-164,112
8014458,NoButton,Move,-205,139
8014466,NoButton,Move,-245,164
8014474,NoButton,Move,-285,187
8014482,NoButton,Move,-322,203
8014490,NoButton,Move,-358,217
8014498,NoButton,Move,-391,228
8014506,NoButton,Move,-408,234
8014514,NoButton,Move,-420,238
8014522,NoButton,Move,-425,240
8014530,NoButton,Move,-426,240
8014690,Left,Pressed,-426,240
8014786,Left,Released,-426,240
8015018,NoButton,Move,-424,242
8015025,NoButton,Move,-415,259
8015041,NoButton,Move,-399,281
8015050,NoButton,Move,-381,304
8015058,NoButton,Move,-367,325
8015066,NoButton,Move,-348,348
8015074,NoButton,Move,-324,370
8015082,NoButton,Move,-296,392
8015090,NoButton,Move,-256,415
8015097,NoButton,Move,-206,444
8015106,NoButton,Move,-138,465
8015114,NoButton,Move,-65,488
8015122,NoButton,Move,15,506
8015130,NoButton,Move,107,506
8015138,NoButton,Move,177,506
8015146,NoButton,Move,242,506
8015154,NoButton,Move,307,506
8015162,NoButton,Move,355,499
8015170,NoButton,Move,396,484
8015178,NoButton,Move,420,468
8015186,NoButton,Move,422,460
8015394,NoButton,Move,423,460
8015402,NoButton,Move,424,461
8015410,NoButton,Move,424,462
8015426,NoButton,Move,424,462
8015434,NoButton,Move,424,462
8015450,NoButton,Move,424,462
8015458,NoButton,Move,424,461
8015466,NoButton,Move,424,460
8015474,NoButton,Move,424,460
8015482,NoButton,Move,424,459
8015490,NoButton,Move,422,456
8015498,NoButton,Move,421,454
8015505,NoButton,Move,420,451
8015514,NoButton,Move,419,448
8015522,NoButton,Move,418,446
8015530,NoButton,Move,418,444
8015538,NoButton,Move,418,441
8015545,NoButton,Move,418,439
8015554,NoButton,Move,417,438
8015562,NoButton,Move,417,437
8015618,Left,Pressed,417,437
8015722,Left,Released,417,437
8015874,NoButton,Move,416,437
8015882,NoButton,Move,412,449
8015890,NoButton,Move,402,474
8015898,NoButton,Move,394,501
8015906,NoButton,Move,385,527
8015914,NoButton,Move,376,557
8015922,NoButton,Move,368,589
8015930,NoButton,Move,356,622
8015938,NoButton,Move,345,655
8015945,NoButton,Move,335,688
8015954,NoButton,Move,325,721
8015962,NoButton,Move,313,751
8015970,NoButton,Move,305,779
8015978,NoButton,Move,297,806
8015985,NoButton,Move,290,821
8015994,NoButton,Move,284,835
8016002,NoButton,Move,277,848
8016010,NoButton,Move,272,859
8016018,NoButton,Move,265,872
8016025,NoButton,Move,259,882
8016033,NoButton,Move,254,889
8016042,NoButton,Move,249,898
8016050,NoButton,Move,245,904
8016058,NoButton,Move,242,910
8016066,NoButton,Move,238,913
8016074,NoButton,Move,237,916
8016082,NoButton,Move,233,917
8016090,NoButton,Move,230,919
8016098,NoButton,Move,228,920
8016105,NoButton,Move,225,922
8016114,NoButton,Move,220,926
8016122,NoButton,Move,216,928
8016138,NoButton,Move,212,931
8016145,NoButton,Move,207,936
8016154,NoButton,Move,203,940
8016162,NoButton,Move,198,945
8016170,NoButton,Move,192,950
8016178,NoButton,Move,187,954
8016186,NoButton,Move,181,958
8016194,NoButton,Move,177,959
8016202,NoButton,Move,172,961
8016210,NoButton,Move,168,962
8016218,NoButton,Move,165,964
8016225,NoButton,Move,161,965
8016234,NoButton,Move,158,966
8016242,NoButton,Move,152,968
8016250,NoButton,Move,147,970
8016258,NoButton,Move,141,973
8016265,NoButton,Move,135,976
8016274,NoButton,Move,128,978
8016282,NoButton,Move,122,982
8016290,NoButton,Move,115,984
8016298,NoButton,Move,108,986
8016305,NoButton,Move,103,988
8016314,NoButton,Move,96,990
8016322,NoButton,Move,92,992
8016330,NoButton,Move,87,993
8016337,NoButton,Move,83,995
8016345,NoButton,Move,78,996
8016354,NoButton,Move,75,998
8016362,NoButton,Move,72,999
8016370,NoButton,Move,69,1000
8016378,NoButton,Move,65,1002
8016385,NoButton,Move,63,1003
8016394,NoButton,Move,61,1006
8016402,NoButton,Move,59,1008
8016410,NoButton,Move,58,1010
8016418,NoButton,Move,56,1013
8016425,NoButton,Move,55,1016
8016434,NoButton,Move,53,1018
8016442,NoButton,Move,52,1020
8016450,NoButton,Move,51,1022
8016458,NoButton,Move,50,1024
8016466,NoButton,Move,50,1026
8016474,NoButton,Move,50,1027
8016482,NoButton,Move,49,1029
8016490,NoButton,Move,48,1031
8016498,NoButton,Move,48,1034
8016506,NoButton,Move,48,1035
8016514,NoButton,Move,47,1036
8016522,NoButton,Move,47,1039
8016530,NoButton,Move,47,1040
8016538,NoButton,Move,47,1043
8016545,NoButton,Move,47,1045
8016554,NoButton,Move,47,1045
8016562,NoButton,Move,47,1046
8016570,NoButton,Move,47,1046
8016578,NoButton,Move,47,1047
8016594,NoButton,Move,47,1048
8016626,NoButton,Move,47,1048
8016634,NoButton,Move,47,1049
8016642,NoButton,Move,46,1049
8016650,NoButton,Move,46,1050
8016658,NoButton,Move,44,1051
8016665,NoButton,Move,42,1053
8016674,NoButton,Move,40,1055
8016682,NoButton,Move,37,1057
8016690,NoButton,Move,34,1058
8016698,NoButton,Move,31,1061
8016706,NoButton,Move,29,1061
8016714,NoButton,Move,27,1061
8016722,NoButton,Move,26,1062
8016834,Left,Pressed,26,1062
8016930,Left,Released,26,1062
8017065,NoButton,Move,26,1061
8017082,NoButton,Move,26,1061
8017089,NoButton,Move,26,1060
8017097,NoButton,Move,26,1059
8017113,NoButton,Move,27,1057
8017122,NoButton,Move,27,1057
8017129,NoButton,Move,27,1056
8017137,NoButton,Move,28,1055
8017145,NoButton,Move,28,1053
8017154,NoButton,Move,28,1052
8017162,NoButton,Move,29,1050
8017170,NoButton,Move,30,1048
8017178,NoButton,Move,30,1046
8017186,NoButton,Move,31,1045
8017194,NoButton,Move,31,1042
8017202,NoButton,Move,31,1040
8017210,NoButton,Move,32,1039
8017218,NoButton,Move,33,1038
8017225,NoButton,Move,33,1036
8017233,NoButton,Move,33,1035
8017241,NoButton,Move,34,1034
8017249,NoButton,Move,34,1033
8017257,NoButton,Move,35,1032
8017265,NoButton,Move,35,1031
8017290,NoButton,Move,35,1031
8017298,NoButton,Move,35,1031
8017490,NoButton,Move,35,1031
8017514,NoButton,Move,35,1031
8017522,NoButton,Move,35,1030
8017554,NoButton,Move,34,1030
8017594,NoButton,Move,34,1030
8017610,NoButton,Move,34,1030
8017618,NoButton,Move,33,1029
8017626,NoButton,Move,33,1028
8017634,NoButton,Move,33,1027
8017641,NoButton,Move,33,1027
8017650,NoButton,Move,32,1026
8017665,NoButton,Move,32,1025
8017673,NoButton,Move,32,1025
8017681,NoButton,Move,32,1024
8017697,NoButton,Move,32,1024
8017706,NoButton,Move,32,1023
8017722,NoButton,Move,32,1023
8017745,NoButton,Move,32,1023
8017761,NoButton,Move,32,1022
8017825,Left,Pressed,32,1022
8017945,Left,Released,32,1022
8018305,NoButton,Move,32,1020
8018314,NoButton,Move,32,1017
8018322,NoButton,Move,32,1012
8018330,NoButton,Move,32,1008
8018338,NoButton,Move,32,1001
8018346,NoButton,Move,32,995
8018354,NoButton,Move,32,988
8018362,NoButton,Move,32,981
8018370,NoButton,Move,32,976
8018378,NoButton,Move,32,970
8018385,NoButton,Move,32,966
8018402,NoButton,Move,32,963
8018410,NoButton,Move,32,960
8018418,NoButton,Move,32,958
8018425,NoButton,Move,32,957
8018434,NoButton,Move,32,955
8018442,NoButton,Move,32,953
8018450,NoButton,Move,32,952
8018457,NoButton,Move,32,951
8018465,NoButton,Move,32,951
8018473,NoButton,Move,32,950
8018482,NoButton,Move,32,949
8018498,NoButton,Move,33,948
8018505,NoButton,Move,33,947
8018514,NoButton,Move,34,947
8018522,NoButton,Move,34,946
8018530,NoButton,Move,35,945
8018538,NoButton,Move,36,944
8018545,NoButton,Move,36,944
8018554,NoButton,Move,36,942
8018562,NoButton,Move,37,942
8018585,NoButton,Move,37,941
8018594,NoButton,Move,37,941
8018738,NoButton,Move,37,940
8018745,NoButton,Move,37,940
8018754,NoButton,Move,38,939
8018762,NoButton,Move,38,938
8018770,NoButton,Move,38,938
8018778,NoButton,Move,38,937
8018785,NoButton,Move,39,937
8018802,NoButton,Move,39,937
8018874,Left,Pressed,39,937
8018986,Left,Released,39,937
